0.00,27501.00,0.00,0.00,0.00,0.00,0.00,0.00,0.00
1.00,27500.87,0.02,0.11,0.00,0.00,0.00,0.00,0.00
2.00,27500.82,0.03,0.13,0.00,0.01,0.00,0.01,0.00
3.00,27500.79,0.03,0.13,0.00,0.02,0.00,0.01,0.01
4.00,27500.76,0.03,0.12,0.01,0.03,0.00,0.02,0.03
5.00,27500.74,0.03,0.12,0.01,0.04,0.00,0.02,0.05
6.00,27500.70,0.03,0.13,0.01,0.04,0.00,0.02,0.07
7.00,27500.67,0.03,0.13,0.01,0.05,0.00,0.02,0.09
8.00,27500.63,0.03,0.14,0.01,0.05,0.00,0.02,0.12
9.00,27500.59,0.03,0.14,0.01,0.06,0.00,0.02,0.14
10.00,27500.55,0.03,0.15,0.01,0.06,0.00,0.02,0.17
11.00,27500.50,0.04,0.16,0.01,0.07,0.01,0.02,0.20
12.00,27500.45,0.04,0.17,0.01,0.07,0.01,0.02,0.23
13.00,27500.40,0.04,0.18,0.02,0.08,0.01,0.02,0.26
14.00,27500.34,0.04,0.19,0.02,0.08,0.01,0.02,0.30
15.00,27500.28,0.05,0.21,0.02,0.09,0.01,0.03,0.33
16.00,27500.21,0.05,0.22,0.02,0.09,0.01,0.03,0.37
17.00,27500.14,0.05,0.23,0.02,0.10,0.01,0.03,0.42
18.00,27500.07,0.06,0.25,0.02,0.10,0.01,0.03,0.46
19.00,27499.99,0.06,0.27,0.02,0.11,0.01,0.03,0.51
20.00,27499.90,0.06,0.29,0.02,0.12,0.01,0.04,0.56
21.00,27499.81,0.07,0.31,0.03,0.13,0.01,0.04,0.61
22.00,27499.71,0.07,0.33,0.03,0.14,0.01,0.04,0.67
23.00,27499.61,0.08,0.35,0.03,0.14,0.01,0.04,0.73
24.00,27499.50,0.08,0.37,0.03,0.15,0.01,0.05,0.80
25.00,27499.38,0.09,0.40,0.03,0.17,0.01,0.05,0.87
26.00,27499.25,0.10,0.43,0.04,0.18,0.01,0.05,0.95
27.00,27499.11,0.10,0.46,0.04,0.19,0.01,0.06,1.03
28.00,27498.97,0.11,0.49,0.04,0.20,0.02,0.06,1.12
29.00,27498.81,0.12,0.52,0.04,0.22,0.02,0.07,1.21
30.00,27498.64,0.12,0.56,0.05,0.23,0.02,0.07,1.31
31.00,27498.47,0.13,0.60,0.05,0.25,0.02,0.07,1.41
32.00,27498.27,0.14,0.64,0.05,0.26,0.02,0.08,1.53
33.00,27498.07,0.15,0.68,0.06,0.28,0.02,0.09,1.65
34.00,27497.85,0.16,0.73,0.06,0.30,0.02,0.09,1.78
35.00,27497.62,0.17,0.78,0.07,0.32,0.02,0.10,1.92
36.00,27497.37,0.19,0.84,0.07,0.34,0.03,0.10,2.07
37.00,27497.10,0.20,0.89,0.07,0.37,0.03,0.11,2.23
38.00,27496.82,0.21,0.96,0.08,0.39,0.03,0.12,2.40
39.00,27496.51,0.23,1.02,0.09,0.42,0.03,0.13,2.58
40.00,27496.18,0.24,1.09,0.09,0.45,0.03,0.14,2.77
41.00,27495.83,0.26,1.17,0.10,0.48,0.04,0.15,2.98
42.00,27495.46,0.28,1.25,0.10,0.51,0.04,0.16,3.20
43.00,27495.06,0.30,1.34,0.11,0.55,0.04,0.17,3.44
44.00,27494.63,0.32,1.43,0.12,0.59,0.04,0.18,3.69
45.00,27494.18,0.34,1.53,0.13,0.63,0.05,0.19,3.96
46.00,27493.69,0.36,1.63,0.14,0.67,0.05,0.20,4.25
47.00,27493.16,0.39,1.75,0.15,0.72,0.05,0.22,4.56
48.00,27492.61,0.42,1.87,0.16,0.77,0.06,0.23,4.90
49.00,27492.01,0.44,2.00,0.17,0.82,0.06,0.25,5.25
50.00,27491.37,0.47,2.14,0.18,0.88,0.07,0.27,5.63
51.00,27490.69,0.51,2.28,0.19,0.94,0.07,0.28,6.04
52.00,27489.96,0.54,2.44,0.20,1.01,0.08,0.30,6.47
53.00,27489.17,0.58,2.61,0.22,1.08,0.08,0.33,6.93
54.00,27488.34,0.62,2.79,0.23,1.15,0.09,0.35,7.43
55.00,27487.45,0.66,2.99,0.25,1.23,0.09,0.37,7.96
56.00,27486.49,0.71,3.19,0.27,1.32,0.10,0.40,8.53
57.00,27485.47,0.76,3.42,0.28,1.41,0.11,0.43,9.13
58.00,27484.38,0.81,3.65,0.30,1.50,0.11,0.46,9.78
59.00,27483.21,0.87,3.90,0.32,1.61,0.12,0.49,10.48
60.00,27481.96,0.93,4.18,0.35,1.72,0.13,0.52,11.22
61.00,27480.63,0.99,4.46,0.37,1.84,0.14,0.56,12.01
62.00,27479.20,1.06,4.77,0.40,1.97,0.15,0.59,12.86
63.00,27477.67,1.13,5.10,0.42,2.10,0.16,0.64,13.77
64.00,27476.04,1.21,5.46,0.45,2.25,0.17,0.68,14.74
65.00,27474.30,1.30,5.84,0.49,2.40,0.18,0.73,15.77
66.00,27472.43,1.39,6.24,0.52,2.57,0.19,0.78,16.88
67.00,27470.44,1.48,6.67,0.56,2.75,0.21,0.83,18.07
68.00,27468.31,1.58,7.13,0.59,2.94,0.22,0.89,19.33
69.00,27466.03,1.69,7.63,0.63,3.14,0.23,0.95,20.69
70.00,27463.59,1.81,8.15,0.68,3.36,0.25,1.02,22.14
71.00,27460.99,1.94,8.72,0.73,3.59,0.27,1.09,23.69
72.00,27458.20,2.07,9.32,0.78,3.84,0.29,1.16,25.34
73.00,27455.22,2.21,9.96,0.83,4.11,0.31,1.24,27.12
74.00,27452.04,2.37,10.65,0.89,4.39,0.33,1.33,29.01
75.00,27448.63,2.53,11.39,0.95,4.69,0.35,1.42,31.03
76.00,27445.00,2.71,12.18,1.01,5.02,0.37,1.52,33.20
77.00,27441.11,2.89,13.02,1.08,5.37,0.40,1.62,35.51
78.00,27436.95,3.09,13.91,1.16,5.74,0.43,1.73,37.99
79.00,27432.51,3.31,14.87,1.24,6.13,0.46,1.85,40.63
80.00,27427.76,3.53,15.90,1.32,6.56,0.49,1.98,43.46
81.00,27422.68,3.78,17.00,1.42,7.01,0.52,2.12,46.48
82.00,27417.25,4.04,18.17,1.51,7.49,0.56,2.27,49.71
83.00,27411.45,4.32,19.42,1.62,8.01,0.60,2.42,53.17
84.00,27405.25,4.61,20.76,1.73,8.56,0.64,2.59,56.86
85.00,27398.63,4.93,22.18,1.85,9.15,0.68,2.77,60.81
86.00,27391.55,5.27,23.71,1.98,9.78,0.73,2.96,65.02
87.00,27383.99,5.63,25.34,2.11,10.46,0.78,3.16,69.53
88.00,27375.90,6.02,27.08,2.26,11.18,0.83,3.38,74.35
89.00,27367.26,6.43,28.94,2.41,11.94,0.89,3.61,79.50
90.00,27358.04,6.87,30.93,2.58,12.77,0.95,3.86,85.01
91.00,27348.18,7.34,33.05,2.76,13.64,1.02,4.12,90.89
92.00,27337.64,7.85,35.31,2.95,14.58,1.09,4.41,97.18
93.00,27326.39,8.38,37.72,3.15,15.58,1.16,4.71,103.90
94.00,27314.37,8.96,40.30,3.36,16.65,1.24,5.03,111.08
95.00,27301.54,9.57,43.05,3.59,17.79,1.33,5.37,118.76
96.00,27287.83,10.22,45.99,3.84,19.01,1.42,5.74,126.95
97.00,27273.19,10.92,49.13,4.10,20.31,1.51,6.13,135.71
98.00,27257.56,11.66,52.47,4.38,21.70,1.62,6.55,145.07
99.00,27240.86,12.45,56.03,4.68,23.18,1.73,7.00,155.06
100.00,27223.05,13.30,59.84,5.00,24.76,1.85,7.47,165.74
101.00,27204.03,14.20,63.89,5.34,26.45,1.97,7.98,177.14
102.00,27183.73,15.16,68.21,5.71,28.24,2.10,8.52,189.32
103.00,27162.07,16.18,72.82,6.09,30.16,2.25,9.10,202.33
104.00,27138.95,17.27,77.73,6.51,32.21,2.40,9.71,216.22
105.00,27114.29,18.43,82.96,6.95,34.39,2.56,10.37,231.05
106.00,27087.99,19.67,88.52,7.42,36.72,2.73,11.07,246.88
107.00,27059.94,20.99,94.45,7.92,39.20,2.92,11.81,263.78
108.00,27030.02,22.39,100.76,8.45,41.84,3.11,12.60,281.82
109.00,26998.13,23.88,107.48,9.02,44.65,3.32,13.45,301.07
110.00,26964.14,25.47,114.62,9.63,47.65,3.54,14.34,321.61
111.00,26927.92,27.16,122.21,10.27,50.84,3.78,15.30,343.53
112.00,26889.34,28.95,130.28,10.96,54.23,4.03,16.31,366.91
113.00,26848.23,30.86,138.85,11.69,57.84,4.29,17.39,391.84
114.00,26804.47,32.88,147.96,12.46,61.68,4.58,18.54,418.43
115.00,26757.88,35.03,157.62,13.29,65.77,4.88,19.76,446.78
116.00,26708.30,37.31,167.87,14.16,70.11,5.20,21.05,477.00
117.00,26655.56,39.72,178.75,15.09,74.72,5.54,22.42,509.20
118.00,26599.47,42.28,190.26,16.08,79.61,5.90,23.88,543.52
119.00,26539.84,44.99,202.46,17.13,84.81,6.28,25.42,580.07
120.00,26476.47,47.86,215.37,18.25,90.32,6.68,27.05,618.99
121.00,26409.17,50.89,229.02,19.43,96.17,7.11,28.78,660.43
122.00,26337.70,54.10,243.45,20.68,102.36,7.56,30.61,704.54
123.00,26261.86,57.49,258.69,22.00,108.92,8.04,32.55,751.46
124.00,26181.41,61.06,274.76,23.41,115.86,8.54,34.59,801.38
125.00,26096.13,64.82,291.70,24.89,123.19,9.07,36.75,854.45
126.00,26005.76,68.79,309.54,26.45,130.95,9.64,39.02,910.85
127.00,25910.07,72.96,328.30,28.11,139.14,10.23,41.42,970.78
128.00,25808.81,77.34,348.02,29.85,147.77,10.85,43.94,1034.41
129.00,25701.72,81.94,368.71,31.69,156.87,11.51,46.60,1101.97
130.00,25588.55,86.76,390.40,33.63,166.46,12.19,49.38,1173.63
131.00,25469.04,91.80,413.10,35.66,176.54,12.91,52.30,1249.63
132.00,25342.94,97.07,436.83,37.80,187.13,13.67,55.36,1330.18
133.00,25210.00,102.58,461.60,40.05,198.25,14.46,58.56,1415.50
134.00,25069.97,108.31,487.40,42.40,209.90,15.29,61.91,1505.83
135.00,24922.61,114.28,514.24,44.87,222.09,16.15,65.39,1601.38
136.00,24767.68,120.47,542.10,47.44,234.84,17.04,69.02,1702.40
137.00,24604.98,126.88,570.97,50.13,248.15,17.97,72.80,1809.12
138.00,24434.29,133.52,600.82,52.93,262.01,18.94,76.71,1921.78
139.00,24255.44,140.36,631.62,55.84,276.43,19.94,80.76,2040.61
140.00,24068.25,147.40,663.31,58.87,291.41,20.97,84.94,2165.85
141.00,23872.58,154.63,695.84,62.01,306.93,22.04,89.26,2297.72
142.00,23668.32,162.03,729.15,65.25,322.98,23.13,93.69,2436.46
143.00,23455.39,169.59,763.14,68.59,339.54,24.25,98.23,2582.26
144.00,23233.74,177.27,797.73,72.04,356.59,25.40,102.88,2735.34
145.00,23003.36,185.07,832.81,75.58,374.11,26.57,107.61,2895.89
146.00,22764.29,192.95,868.26,79.20,392.05,27.76,112.43,3064.07
147.00,22516.59,200.88,903.95,82.90,410.37,28.96,117.30,3240.04
148.00,22260.41,208.83,939.72,86.67,429.04,30.18,122.21,3423.94
149.00,21995.90,216.76,975.42,90.50,447.99,31.40,127.15,3615.88
150.00,21723.29,224.64,1010.88,94.38,467.16,32.62,132.09,3815.94
151.00,21442.88,232.42,1045.91,98.28,486.49,33.83,137.01,4024.17
152.00,21154.98,240.07,1080.33,102.20,505.90,35.04,141.89,4240.60
153.00,20859.99,247.54,1113.93,106.12,525.31,36.22,146.70,4465.19
154.00,20558.36,254.78,1146.50,110.03,544.63,37.39,151.41,4697.91
155.00,20250.57,261.74,1177.84,113.89,563.78,38.52,156.00,4938.66
156.00,19937.19,268.39,1207.74,117.71,582.65,39.61,160.43,5187.29
157.00,19618.79,274.66,1235.99,121.44,601.14,40.66,164.68,5443.63
158.00,19296.03,280.53,1262.37,125.08,619.16,41.66,168.71,5707.45
159.00,18969.59,285.93,1286.70,128.60,636.59,42.60,172.51,5978.48
160.00,18640.16,290.84,1308.79,131.98,653.32,43.47,176.04,6256.40
161.00,18308.51,295.21,1328.45,135.20,669.25,44.27,179.28,6540.83
162.00,17975.39,299.01,1345.53,138.24,684.28,44.99,182.19,6831.38
163.00,17641.58,302.20,1359.90,141.07,698.29,45.62,184.76,7127.59
164.00,17307.85,304.76,1371.42,143.68,711.20,46.17,186.97,7428.96
165.00,16975.01,306.67,1380.01,146.04,722.90,46.62,188.79,7734.95
166.00,16643.82,307.91,1385.60,148.15,733.32,46.97,190.22,8045.01
167.00,16315.04,308.48,1388.14,149.98,742.38,47.22,191.24,8358.53
168.00,15989.40,308.36,1387.62,151.52,750.00,47.37,191.84,8674.88
169.00,15667.62,307.57,1384.04,152.76,756.15,47.41,192.02,8993.43
170.00,15350.37,306.10,1377.45,153.69,760.76,47.35,191.78,9313.49
171.00,15038.28,303.98,1367.91,154.30,763.81,47.19,191.12,9634.41
172.00,14731.93,301.22,1355.50,154.60,765.28,46.93,190.05,9955.50
173.00,14431.85,297.85,1340.34,154.58,765.16,46.56,188.57,10276.09
174.00,14138.53,293.91,1322.57,154.23,763.46,46.10,186.71,10595.49
175.00,13852.40,289.41,1302.34,153.58,760.20,45.55,184.47,10913.07
176.00,13573.83,284.40,1279.81,152.61,755.41,44.91,181.88,11228.16
177.00,13303.13,278.93,1255.17,151.34,749.13,44.19,178.96,11540.15
178.00,13040.57,273.03,1228.61,149.78,741.43,43.39,175.73,11848.45
179.00,12786.36,266.74,1200.34,147.95,732.36,42.52,172.22,12152.51
180.00,12540.64,260.12,1170.54,145.86,722.00,41.59,168.46,12451.78
181.00,12303.52,253.21,1139.44,143.52,710.43,40.61,164.47,12745.79
182.00,12075.07,246.05,1107.24,140.96,697.75,39.58,160.28,13034.08
183.00,11855.28,238.70,1074.13,138.19,684.03,38.50,155.92,13316.25
184.00,11644.14,231.18,1040.32,135.23,669.38,37.39,151.43,13591.93
185.00,11441.58,223.55,1005.99,132.10,653.91,36.25,146.81,13860.80
186.00,11247.50,215.85,971.32,128.83,637.70,35.09,142.11,14122.59
187.00,11061.78,208.11,936.48,125.43,620.87,33.91,137.35,14377.07
188.00,10884.26,200.36,901.64,121.92,603.51,32.73,132.55,14624.04
189.00,10714.76,192.65,866.93,118.33,585.72,31.54,127.73,14863.35
190.00,10553.09,185.00,832.48,114.66,567.59,30.35,122.92,15094.90
191.00,10399.04,177.43,798.43,110.95,549.22,29.17,118.14,15318.62
192.00,10252.39,169.97,764.88,107.21,530.69,28.00,113.40,15534.47
193.00,10112.89,162.65,731.92,103.45,512.08,26.84,108.71,15742.45
194.00,9980.32,155.47,699.63,99.69,493.48,25.71,104.11,15942.59
195.00,9854.41,148.47,668.10,95.95,474.95,24.59,99.59,16134.94
196.00,9734.93,141.64,637.38,92.24,456.57,23.50,95.16,16319.59
197.00,9621.62,135.00,607.51,88.56,438.37,22.43,90.84,16496.65
198.00,9514.23,128.57,578.55,84.94,420.44,21.39,86.64,16666.25
199.00,9412.51,122.34,550.51,81.37,402.80,20.38,82.56,16828.53
200.00,9316.22,116.32,523.43,77.88,385.50,19.41,78.60,16983.65
201.00,9225.11,110.51,497.32,74.46,368.58,18.46,74.77,17131.78
202.00,9138.95,104.93,472.18,71.13,352.07,17.55,71.08,17273.12
203.00,9057.49,99.56,448.02,67.88,336.00,16.67,67.52,17407.87
204.00,8980.53,94.41,424.83,64.72,320.39,15.82,64.09,17536.21
205.00,8907.84,89.47,402.60,61.67,305.25,15.01,60.80,17658.36
206.00,8839.21,84.74,381.33,58.71,290.60,14.23,57.64,17774.54
207.00,8774.43,80.22,361.00,55.85,276.44,13.49,54.61,17884.95
208.00,8713.31,75.91,341.58,53.09,262.79,12.77,51.72,17989.82
209.00,8655.66,71.79,323.06,50.43,249.65,12.09,48.96,18089.36
210.00,8601.30,67.87,305.41,47.88,237.01,11.44,46.32,18183.77
211.00,8550.05,64.14,288.61,45.43,224.87,10.81,43.80,18273.29
212.00,8501.75,60.58,272.63,43.08,213.24,10.22,41.40,18358.10
213.00,8456.24,57.21,257.44,40.83,202.09,9.66,39.12,18438.42
214.00,8413.36,54.00,243.01,38.67,191.43,9.12,36.95,18514.46
215.00,8372.98,50.96,229.32,36.61,181.24,8.61,34.88,18586.39
216.00,8334.95,48.07,216.33,34.65,171.51,8.13,32.93,18654.43
217.00,8299.15,45.34,204.03,32.77,162.23,7.67,31.07,18718.74
218.00,8265.44,42.75,192.37,30.99,153.39,7.24,29.31,18779.52
219.00,8233.72,40.30,181.33,29.29,144.98,6.82,27.64,18836.93
220.00,8203.86,37.97,170.89,27.67,136.97,6.43,26.06,18891.14
221.00,8175.77,35.78,161.01,26.13,129.37,6.06,24.56,18942.32
222.00,8149.33,33.70,151.67,24.67,122.14,5.71,23.14,18990.62
223.00,8124.47,31.74,142.85,23.29,115.28,5.38,21.80,19036.18
224.00,8101.08,29.89,134.51,21.97,108.78,5.07,20.54,19079.15
225.00,8079.08,28.14,126.64,20.73,102.61,4.78,19.34,19119.68
226.00,8058.40,26.49,119.22,19.55,96.76,4.50,18.21,19157.88
227.00,8038.94,24.93,112.21,18.43,91.23,4.23,17.15,19193.88
228.00,8020.65,23.47,105.59,17.37,85.99,3.99,16.14,19227.80
229.00,8003.45,22.08,99.36,16.37,81.04,3.75,15.19,19259.76
230.00,7987.29,20.77,93.48,15.42,76.35,3.53,14.29,19289.86
231.00,7972.09,19.54,87.94,14.53,71.92,3.32,13.45,19318.21
232.00,7957.80,18.38,82.71,13.68,67.74,3.12,12.65,19344.90
233.00,7944.37,17.29,77.79,12.89,63.79,2.94,11.90,19370.03
234.00,7931.75,16.26,73.16,12.13,60.05,2.76,11.20,19393.68
235.00,7919.89,15.29,68.80,11.42,56.53,2.60,10.53,19415.94
236.00,7908.74,14.37,64.69,10.75,53.21,2.44,9.90,19436.89
237.00,7898.27,13.52,60.82,10.12,50.07,2.30,9.31,19456.60
238.00,7888.42,12.71,57.18,9.52,47.12,2.16,8.75,19475.14
239.00,7879.17,11.94,53.75,8.96,44.33,2.03,8.23,19492.58
240.00,7870.48,11.23,50.52,8.42,41.70,1.91,7.74,19508.99
241.00,7862.32,10.55,47.49,7.92,39.23,1.80,7.27,19524.42
242.00,7854.64,9.92,44.63,7.45,36.90,1.69,6.84,19538.93
243.00,7847.44,9.32,41.95,7.01,34.70,1.59,6.43,19552.57
244.00,7840.66,8.76,39.42,6.59,32.63,1.49,6.04,19565.40
245.00,7834.30,8.23,37.05,6.20,30.68,1.40,5.68,19577.46
246.00,7828.32,7.74,34.81,5.83,28.85,1.32,5.33,19588.80
247.00,7822.71,7.27,32.71,5.48,27.12,1.24,5.01,19599.46
248.00,7817.43,6.83,30.74,5.15,25.49,1.16,4.71,19609.48
249.00,7812.48,6.42,28.88,4.84,23.97,1.09,4.43,19618.90
250.00,7807.83,6.03,27.13,4.55,22.53,1.03,4.16,19627.75
251.00,7803.45,5.67,25.49,4.28,21.17,0.96,3.91,19636.07
252.00,7799.35,5.32,23.95,4.02,19.90,0.91,3.67,19643.88
253.00,7795.49,5.00,22.50,3.78,18.70,0.85,3.45,19651.23
254.00,7791.87,4.70,21.14,3.55,17.57,0.80,3.24,19658.13
255.00,7788.46,4.41,19.86,3.34,16.52,0.75,3.04,19664.62
256.00,7785.27,4.15,18.65,3.14,15.52,0.71,2.86,19670.71
257.00,7782.26,3.89,17.52,2.95,14.58,0.66,2.69,19676.44
258.00,7779.44,3.66,16.46,2.77,13.70,0.62,2.52,19681.82
259.00,7776.80,3.44,15.46,2.60,12.87,0.59,2.37,19686.88
260.00,7774.31,3.23,14.52,2.44,12.10,0.55,2.23,19691.62
261.00,7771.97,3.03,13.64,2.30,11.36,0.52,2.09,19696.09
262.00,7769.78,2.85,12.81,2.16,10.68,0.49,1.97,19700.28
263.00,7767.72,2.67,12.04,2.03,10.03,0.46,1.85,19704.22
264.00,7765.78,2.51,11.30,1.90,9.42,0.43,1.73,19707.91
265.00,7763.96,2.36,10.62,1.79,8.85,0.40,1.63,19711.39
266.00,7762.26,2.22,9.97,1.68,8.31,0.38,1.53,19714.65
267.00,7760.65,2.08,9.37,1.58,7.81,0.35,1.44,19717.72
268.00,7759.15,1.95,8.80,1.48,7.34,0.33,1.35,19720.60
269.00,7757.73,1.84,8.26,1.39,6.89,0.31,1.27,19723.30
270.00,7756.41,1.72,7.76,1.31,6.47,0.29,1.19,19725.84
271.00,7755.16,1.62,7.29,1.23,6.08,0.28,1.12,19728.23
272.00,7753.99,1.52,6.84,1.15,5.71,0.26,1.05,19730.47
273.00,7752.89,1.43,6.43,1.08,5.36,0.24,0.99,19732.58
274.00,7751.86,1.34,6.04,1.02,5.04,0.23,0.93,19734.55
275.00,7750.89,1.26,5.67,0.96,4.73,0.21,0.87,19736.41
276.00,7749.97,1.18,5.33,0.90,4.44,0.20,0.82,19738.16
277.00,7749.12,1.11,5.00,0.84,4.17,0.19,0.77,19739.79
278.00,7748.32,1.04,4.70,0.79,3.92,0.18,0.72,19741.33
279.00,7747.56,0.98,4.41,0.74,3.68,0.17,0.68,19742.78
280.00,7746.85,0.92,4.14,0.70,3.46,0.16,0.64,19744.14
281.00,7746.19,0.86,3.89,0.66,3.25,0.15,0.60,19745.41
282.00,7745.56,0.81,3.65,0.62,3.05,0.14,0.56,19746.61
283.00,7744.98,0.76,3.43,0.58,2.86,0.13,0.53,19747.73
284.00,7744.42,0.72,3.22,0.54,2.69,0.12,0.49,19748.79
285.00,7743.91,0.67,3.03,0.51,2.53,0.11,0.46,19749.78
286.00,7743.42,0.63,2.84,0.48,2.37,0.11,0.44,19750.71
287.00,7742.96,0.59,2.67,0.45,2.23,0.10,0.41,19751.59
288.00,7742.54,0.56,2.51,0.42,2.09,0.09,0.38,19752.41
289.00,7742.13,0.52,2.35,0.40,1.97,0.09,0.36,19753.18
290.00,7741.76,0.49,2.21,0.37,1.85,0.08,0.34,19753.90
291.00,7741.40,0.46,2.08,0.35,1.73,0.08,0.32,19754.58
292.00,7741.07,0.43,1.95,0.33,1.63,0.07,0.30,19755.22
293.00,7740.75,0.41,1.83,0.31,1.53,0.07,0.28,19755.82
294.00,7740.46,0.38,1.72,0.29,1.44,0.07,0.26,19756.38
295.00,7740.18,0.36,1.61,0.27,1.35,0.06,0.25,19756.91
296.00,7739.92,0.34,1.52,0.26,1.27,0.06,0.23,19757.41
297.00,7739.68,0.32,1.42,0.24,1.19,0.05,0.22,19757.88
298.00,7739.45,0.30,1.34,0.23,1.12,0.05,0.21,19758.32
299.00,7739.24,0.28,1.26,0.21,1.05,0.05,0.19,19758.73
300.00,7739.04,0.26,1.18,0.20,0.98,0.04,0.18,19759.11
301.00,7738.85,0.25,1.11,0.19,0.92,0.04,0.17,19759.48
302.00,7738.67,0.23,1.04,0.18,0.87,0.04,0.16,19759.82
303.00,7738.50,0.22,0.98,0.16,0.82,0.04,0.15,19760.14
304.00,7738.35,0.20,0.92,0.15,0.77,0.03,0.14,19760.44
305.00,7738.20,0.19,0.86,0.15,0.72,0.03,0.13,19760.72
306.00,7738.06,0.18,0.81,0.14,0.68,0.03,0.12,19760.99
307.00,7737.93,0.17,0.76,0.13,0.63,0.03,0.12,19761.23
308.00,7737.81,0.16,0.71,0.12,0.60,0.03,0.11,19761.47
309.00,7737.69,0.15,0.67,0.11,0.56,0.03,0.10,19761.69
310.00,7737.59,0.14,0.63,0.11,0.53,0.02,0.10,19761.89
311.00,7737.49,0.13,0.59,0.10,0.49,0.02,0.09,19762.09
312.00,7737.39,0.12,0.55,0.09,0.46,0.02,0.09,19762.27
313.00,7737.30,0.12,0.52,0.09,0.44,0.02,0.08,19762.44
314.00,7737.22,0.11,0.49,0.08,0.41,0.02,0.08,19762.60
315.00,7737.14,0.10,0.46,0.08,0.38,0.02,0.07,19762.75
316.00,7737.07,0.10,0.43,0.07,0.36,0.02,0.07,19762.89
317.00,7737.00,0.09,0.40,0.07,0.34,0.02,0.06,19763.02
318.00,7736.93,0.08,0.38,0.06,0.32,0.01,0.06,19763.15
319.00,7736.87,0.08,0.36,0.06,0.30,0.01,0.05,19763.27
320.00,7736.81,0.07,0.34,0.06,0.28,0.01,0.05,19763.38
321.00,7736.76,0.07,0.31,0.05,0.26,0.01,0.05,19763.48
322.00,7736.71,0.07,0.30,0.05,0.25,0.01,0.05,19763.58
323.00,7736.66,0.06,0.28,0.05,0.23,0.01,0.04,19763.67
324.00,7736.62,0.06,0.26,0.04,0.22,0.01,0.04,19763.75
325.00,7736.58,0.05,0.24,0.04,0.20,0.01,0.04,19763.83
326.00,7736.54,0.05,0.23,0.04,0.19,0.01,0.04,19763.91
327.00,7736.50,0.05,0.22,0.04,0.18,0.01,0.03,19763.98
328.00,7736.46,0.05,0.20,0.03,0.17,0.01,0.03,19764.05
329.00,7736.43,0.04,0.19,0.03,0.16,0.01,0.03,19764.11
330.00,7736.40,0.04,0.18,0.03,0.15,0.01,0.03,19764.17
331.00,7736.37,0.04,0.17,0.03,0.14,0.01,0.03,19764.22
332.00,7736.35,0.04,0.16,0.03,0.13,0.01,0.02,19764.27
333.00,7736.32,0.03,0.15,0.02,0.12,0.01,0.02,19764.32
334.00,7736.30,0.03,0.14,0.02,0.12,0.01,0.02,19764.37
335.00,7736.27,0.03,0.13,0.02,0.11,0.00,0.02,19764.41
336.00,7736.25,0.03,0.12,0.02,0.10,0.00,0.02,19764.45
337.00,7736.23,0.03,0.12,0.02,0.10,0.00,0.02,19764.49
338.00,7736.22,0.02,0.11,0.02,0.09,0.00,0.02,19764.52
339.00,7736.20,0.02,0.10,0.02,0.08,0.00,0.02,19764.56
340.00,7736.18,0.02,0.10,0.02,0.08,0.00,0.01,19764.59
341.00,7736.17,0.02,0.09,0.02,0.07,0.00,0.01,19764.62
342.00,7736.15,0.02,0.08,0.01,0.07,0.00,0.01,19764.65
343.00,7736.14,0.02,0.08,0.01,0.07,0.00,0.01,19764.67
344.00,7736.13,0.02,0.07,0.01,0.06,0.00,0.01,19764.70
345.00,7736.11,0.02,0.07,0.01,0.06,0.00,0.01,19764.72
346.00,7736.10,0.01,0.07,0.01,0.05,0.00,0.01,19764.74
347.00,7736.09,0.01,0.06,0.01,0.05,0.00,0.01,19764.76
348.00,7736.08,0.01,0.06,0.01,0.05,0.00,0.01,19764.78
349.00,7736.07,0.01,0.05,0.01,0.05,0.00,0.01,19764.80
350.00,7736.06,0.01,0.05,0.01,0.04,0.00,0.01,19764.81
351.00,7736.06,0.01,0.05,0.01,0.04,0.00,0.01,19764.83
352.00,7736.05,0.01,0.04,0.01,0.04,0.00,0.01,19764.84
353.00,7736.04,0.01,0.04,0.01,0.04,0.00,0.01,19764.86
354.00,7736.03,0.01,0.04,0.01,0.03,0.00,0.01,19764.87
355.00,7736.03,0.01,0.04,0.01,0.03,0.00,0.01,19764.88
356.00,7736.02,0.01,0.03,0.01,0.03,0.00,0.01,19764.89
357.00,7736.02,0.01,0.03,0.01,0.03,0.00,0.01,19764.90
358.00,7736.01,0.01,0.03,0.01,0.03,0.00,0.00,19764.91
359.00,7736.01,0.01,0.03,0.00,0.02,0.00,0.00,19764.92
360.00,7736.00,0.01,0.03,0.00,0.02,0.00,0.00,19764.93
361.00,7736.00,0.01,0.03,0.00,0.02,0.00,0.00,19764.94
362.00,7735.99,0.01,0.02,0.00,0.02,0.00,0.00,19764.95
363.00,7735.99,0.00,0.02,0.00,0.02,0.00,0.00,19764.96
364.00,7735.99,0.00,0.02,0.00,0.02,0.00,0.00,19764.96
365.00,7735.98,0.00,0.02,0.00,0.02,0.00,0.00,19764.97
366.00,7735.98,0.00,0.02,0.00,0.02,0.00,0.00,19764.98
367.00,7735.98,0.00,0.02,0.00,0.01,0.00,0.00,19764.98
368.00,7735.97,0.00,0.02,0.00,0.01,0.00,0.00,19764.99
369.00,7735.97,0.00,0.02,0.00,0.01,0.00,0.00,19764.99
370.00,7735.97,0.00,0.01,0.00,0.01,0.00,0.00,19765.00
371.00,7735.97,0.00,0.01,0.00,0.01,0.00,0.00,19765.00
372.00,7735.96,0.00,0.01,0.00,0.01,0.00,0.00,19765.01
373.00,7735.96,0.00,0.01,0.00,0.01,0.00,0.00,19765.01
374.00,7735.96,0.00,0.01,0.00,0.01,0.00,0.00,19765.01
375.00,7735.96,0.00,0.01,0.00,0.01,0.00,0.00,19765.02
376.00,7735.96,0.00,0.01,0.00,0.01,0.00,0.00,19765.02
377.00,7735.95,0.00,0.01,0.00,0.01,0.00,0.00,19765.02
378.00,7735.95,0.00,0.01,0.00,0.01,0.00,0.00,19765.03
379.00,7735.95,0.00,0.01,0.00,0.01,0.00,0.00,19765.03
380.00,7735.95,0.00,0.01,0.00,0.01,0.00,0.00,19765.03
381.00,7735.95,0.00,0.01,0.00,0.01,0.00,0.00,19765.03
382.00,7735.95,0.00,0.01,0.00,0.01,0.00,0.00,19765.04
383.00,7735.95,0.00,0.01,0.00,0.01,0.00,0.00,19765.04
384.00,7735.95,0.00,0.01,0.00,0.01,0.00,0.00,19765.04
385.00,7735.95,0.00,0.01,0.00,0.00,0.00,0.00,19765.04
386.00,7735.94,0.00,0.01,0.00,0.00,0.00,0.00,19765.04
387.00,7735.94,0.00,0.00,0.00,0.00,0.00,0.00,19765.04
388.00,7735.94,0.00,0.00,0.00,0.00,0.00,0.00,19765.05
389.00,7735.94,0.00,0.00,0.00,0.00,0.00,0.00,19765.05
390.00,7735.94,0.00,0.00,0.00,0.00,0.00,0.00,19765.05
391.00,7735.94,0.00,0.00,0.00,0.00,0.00,0.00,19765.05
392.00,7735.94,0.00,0.00,0.00,0.00,0.00,0.00,19765.05
393.00,7735.94,0.00,0.00,0.00,0.00,0.00,0.00,19765.05
394.00,7735.94,0.00,0.00,0.00,0.00,0.00,0.00,19765.05
395.00,7735.94,0.00,0.00,0.00,0.00,0.00,0.00,19765.05
396.00,7735.94,0.00,0.00,0.00,0.00,0.00,0.00,19765.06
397.00,7735.94,0.00,0.00,0.00,0.00,0.00,0.00,19765.06
398.00,7735.94,0.00,0.00,0.00,0.00,0.00,0.00,19765.06
399.00,7735.94,0.00,0.00,0.00,0.00,0.00,0.00,19765.06
400.00,7735.94,0.00,0.00,0.00,0.00,0.00,0.00,19765.06
401.00,7735.94,0.00,0.00,0.00,0.00,0.00,0.00,19765.06
402.00,7735.94,0.00,0.00,0.00,0.00,0.00,0.00,19765.06
403.00,7735.93,0.00,0.00,0.00,0.00,0.00,0.00,19765.06
404.00,7735.93,0.00,0.00,0.00,0.00,0.00,0.00,19765.06
405.00,7735.93,0.00,0.00,0.00,0.00,0.00,0.00,19765.06
406.00,7735.93,0.00,0.00,0.00,0.00,0.00,0.00,19765.06
407.00,7735.93,0.00,0.00,0.00,0.00,0.00,0.00,19765.06
408.00,7735.93,0.00,0.00,0.00,0.00,0.00,0.00,19765.06
409.00,7735.93,0.00,0.00,0.00,0.00,0.00,0.00,19765.06
410.00,7735.93,0.00,0.00,0.00,0.00,0.00,0.00,19765.06
411.00,7735.93,0.00,0.00,0.00,0.00,0.00,0.00,19765.06
412.00,7735.93,0.00,0.00,0.00,0.00,0.00,0.00,19765.06
413.00,7735.93,0.00,0.00,0.00,0.00,0.00,0.00,19765.06
414.00,7735.93,0.00,0.00,0.00,0.00,0.00,0.00,19765.07
415.00,7735.93,0.00,0.00,0.00,0.00,0.00,0.00,19765.07
416.00,7735.93,0.00,0.00,0.00,0.00,0.00,0.00,19765.07
417.00,7735.93,0.00,0.00,0.00,0.00,0.00,0.00,19765.07
418.00,7735.93,0.00,0.00,0.00,0.00,0.00,0.00,19765.07
419.00,7735.93,0.00,0.00,0.00,0.00,0.00,0.00,19765.07
420.00,7735.93,0.00,0.00,0.00,0.00,0.00,0.00,19765.07
421.00,7735.93,0.00,0.00,0.00,0.00,0.00,0.00,19765.07
422.00,7735.93,0.00,0.00,0.00,0.00,0.00,0.00,19765.07
423.00,7735.93,0.00,0.00,0.00,0.00,0.00,0.00,19765.07
424.00,7735.93,0.00,0.00,0.00,0.00,0.00,0.00,19765.07
425.00,7735.93,0.00,0.00,0.00,0.00,0.00,0.00,19765.07
426.00,7735.93,0.00,0.00,0.00,0.00,0.00,0.00,19765.07
427.00,7735.93,0.00,0.00,0.00,0.00,0.00,0.00,19765.07
428.00,7735.93,0.00,0.00,0.00,0.00,0.00,0.00,19765.07
429.00,7735.93,0.00,0.00,0.00,0.00,0.00,0.00,19765.07
430.00,7735.93,0.00,0.00,0.00,0.00,0.00,0.00,19765.07
431.00,7735.93,0.00,0.00,0.00,0.00,0.00,0.00,19765.07
432.00,7735.93,0.00,0.00,0.00,0.00,0.00,0.00,19765.07
433.00,7735.93,0.00,0.00,0.00,0.00,0.00,0.00,19765.07
434.00,7735.93,0.00,0.00,0.00,0.00,0.00,0.00,19765.07
435.00,7735.93,0.00,0.00,0.00,0.00,0.00,0.00,19765.07
436.00,7735.93,0.00,0.00,0.00,0.00,0.00,0.00,19765.07
437.00,7735.93,0.00,0.00,0.00,0.00,0.00,0.00,19765.07
438.00,7735.93,0.00,0.00,0.00,0.00,0.00,0.00,19765.07
439.00,7735.93,0.00,0.00,0.00,0.00,0.00,0.00,19765.07
440.00,7735.93,0.00,0.00,0.00,0.00,0.00,0.00,19765.07
441.00,7735.93,0.00,0.00,0.00,0.00,0.00,0.00,19765.07
442.00,7735.93,0.00,0.00,0.00,0.00,0.00,0.00,19765.07
443.00,7735.93,0.00,0.00,0.00,0.00,0.00,0.00,19765.07
444.00,7735.93,0.00,0.00,0.00,0.00,0.00,0.00,19765.07
445.00,7735.93,0.00,0.00,0.00,0.00,0.00,0.00,19765.07
446.00,7735.93,0.00,0.00,0.00,0.00,0.00,0.00,19765.07
447.00,7735.93,0.00,0.00,0.00,0.00,0.00,0.00,19765.07
448.00,7735.93,0.00,0.00,0.00,0.00,0.00,0.00,19765.07
449.00,7735.93,0.00,0.00,0.00,0.00,0.00,0.00,19765.07
450.00,7735.93,0.00,0.00,0.00,0.00,0.00,0.00,19765.07
451.00,7735.93,0.00,0.00,0.00,0.00,0.00,0.00,19765.07
452.00,7735.93,0.00,0.00,0.00,0.00,0.00,0.00,19765.07
453.00,7735.93,0.00,0.00,0.00,0.00,0.00,0.00,19765.07
454.00,7735.93,0.00,0.00,0.00,0.00,0.00,0.00,19765.07
455.00,7735.93,0.00,0.00,0.00,0.00,0.00,0.00,19765.07
456.00,7735.93,0.00,0.00,0.00,0.00,0.00,0.00,19765.07
457.00,7735.93,0.00,0.00,0.00,0.00,0.00,0.00,19765.07
458.00,7735.93,0.00,0.00,0.00,0.00,0.00,0.00,19765.07
459.00,7735.93,0.00,0.00,0.00,0.00,0.00,0.00,19765.07
460.00,7735.93,0.00,0.00,0.00,0.00,0.00,0.00,19765.07
461.00,7735.93,0.00,0.00,0.00,0.00,0.00,0.00,19765.07
462.00,7735.93,0.00,0.00,0.00,0.00,0.00,0.00,19765.07
463.00,7735.93,0.00,0.00,0.00,0.00,0.00,0.00,19765.07
464.00,7735.93,0.00,0.00,0.00,0.00,0.00,0.00,19765.07
465.00,7735.93,0.00,0.00,0.00,0.00,0.00,0.00,19765.07
466.00,7735.93,0.00,0.00,0.00,0.00,0.00,0.00,19765.07
467.00,7735.93,0.00,0.00,0.00,0.00,0.00,0.00,19765.07
468.00,7735.93,0.00,0.00,0.00,0.00,0.00,0.00,19765.07
469.00,7735.93,0.00,0.00,0.00,0.00,0.00,0.00,19765.07
470.00,7735.93,0.00,0.00,0.00,0.00,0.00,0.00,19765.07
471.00,7735.93,0.00,0.00,0.00,0.00,0.00,0.00,19765.07
472.00,7735.93,0.00,0.00,0.00,0.00,0.00,0.00,19765.07
473.00,7735.93,0.00,0.00,0.00,0.00,0.00,0.00,19765.07
474.00,7735.93,0.00,0.00,0.00,0.00,0.00,0.00,19765.07
475.00,7735.93,0.00,0.00,0.00,0.00,0.00,0.00,19765.07
476.00,7735.93,0.00,0.00,0.00,0.00,0.00,0.00,19765.07
477.00,7735.93,0.00,0.00,0.00,0.00,0.00,0.00,19765.07
478.00,7735.93,0.00,0.00,0.00,0.00,0.00,0.00,19765.07
479.00,7735.93,0.00,0.00,0.00,0.00,0.00,0.00,19765.07
480.00,7735.93,0.00,0.00,0.00,0.00,0.00,0.00,19765.07
481.00,7735.93,0.00,0.00,0.00,0.00,0.00,0.00,19765.07
482.00,7735.93,0.00,0.00,0.00,0.00,0.00,0.00,19765.07
483.00,7735.93,0.00,0.00,0.00,0.00,0.00,0.00,19765.07
484.00,7735.93,0.00,0.00,0.00,0.00,0.00,0.00,19765.07
485.00,7735.93,0.00,0.00,0.00,0.00,0.00,0.00,19765.07
486.00,7735.93,0.00,0.00,0.00,0.00,0.00,0.00,19765.07
487.00,7735.93,0.00,0.00,0.00,0.00,0.00,0.00,19765.07
488.00,7735.93,0.00,0.00,0.00,0.00,0.00,0.00,19765.07
489.00,7735.93,0.00,0.00,0.00,0.00,0.00,0.00,19765.07
490.00,7735.93,0.00,0.00,0.00,0.00,0.00,0.00,19765.07
491.00,7735.93,0.00,0.00,0.00,0.00,0.00,0.00,19765.07
492.00,7735.93,0.00,0.00,0.00,0.00,0.00,0.00,19765.07
493.00,7735.93,0.00,0.00,0.00,0.00,0.00,0.00,19765.07
494.00,7735.93,0.00,0.00,0.00,0.00,0.00,0.00,19765.07
495.00,7735.93,0.00,0.00,0.00,0.00,0.00,0.00,19765.07
496.00,7735.93,0.00,0.00,0.00,0.00,0.00,0.00,19765.07
497.00,7735.93,0.00,0.00,0.00,0.00,0.00,0.00,19765.07
498.00,7735.93,0.00,0.00,0.00,0.00,0.00,0.00,19765.07
499.00,7735.93,0.00,0.00,0.00,0.00,0.00,0.00,19765.07
500.00,7735.93,0.00,0.00,0.00,0.00,0.00,0.00,19765.07
501.00,7735.93,0.00,0.00,0.00,0.00,0.00,0.00,19765.07
502.00,7735.93,0.00,0.00,0.00,0.00,0.00,0.00,19765.07
503.00,7735.93,0.00,0.00,0.00,0.00,0.00,0.00,19765.07
504.00,7735.93,0.00,0.00,0.00,0.00,0.00,0.00,19765.07
505.00,7735.93,0.00,0.00,0.00,0.00,0.00,0.00,19765.07
506.00,7735.93,0.00,0.00,0.00,0.00,0.00,0.00,19765.07
507.00,7735.93,0.00,0.00,0.00,0.00,0.00,0.00,19765.07
508.00,7735.93,0.00,0.00,0.00,0.00,0.00,0.00,19765.07
509.00,7735.93,0.00,0.00,0.00,0.00,0.00,0.00,19765.07
510.00,7735.93,0.00,0.00,0.00,0.00,0.00,0.00,19765.07
511.00,7735.93,0.00,0.00,0.00,0.00,0.00,0.00,19765.07
512.00,7735.93,0.00,0.00,0.00,0.00,0.00,0.00,19765.07
513.00,7735.93,0.00,0.00,0.00,0.00,0.00,0.00,19765.07
514.00,7735.93,0.00,0.00,0.00,0.00,0.00,0.00,19765.07
515.00,7735.93,0.00,0.00,0.00,0.00,0.00,0.00,19765.07
516.00,7735.93,0.00,0.00,0.00,0.00,0.00,0.00,19765.07
517.00,7735.93,0.00,0.00,0.00,0.00,0.00,0.00,19765.07
518.00,7735.93,0.00,0.00,0.00,0.00,0.00,0.00,19765.07
519.00,7735.93,0.00,0.00,0.00,0.00,0.00,0.00,19765.07
520.00,7735.93,0.00,0.00,0.00,0.00,0.00,0.00,19765.07
521.00,7735.93,0.00,0.00,0.00,0.00,0.00,0.00,19765.07
522.00,7735.93,0.00,0.00,0.00,0.00,0.00,0.00,19765.07
523.00,7735.93,0.00,0.00,0.00,0.00,0.00,0.00,19765.07
524.00,7735.93,0.00,0.00,0.00,0.00,0.00,0.00,19765.07
525.00,7735.93,0.00,0.00,0.00,0.00,0.00,0.00,19765.07
526.00,7735.93,0.00,0.00,0.00,0.00,0.00,0.00,19765.07
527.00,7735.93,0.00,0.00,0.00,0.00,0.00,0.00,19765.07
528.00,7735.93,0.00,0.00,0.00,0.00,0.00,0.00,19765.07
529.00,7735.93,0.00,0.00,0.00,0.00,0.00,0.00,19765.07
530.00,7735.93,0.00,0.00,0.00,0.00,0.00,0.00,19765.07
531.00,7735.93,0.00,0.00,0.00,0.00,0.00,0.00,19765.07
532.00,7735.93,0.00,0.00,0.00,0.00,0.00,0.00,19765.07
533.00,7735.93,0.00,0.00,0.00,0.00,0.00,0.00,19765.07
534.00,7735.93,0.00,0.00,0.00,0.00,0.00,0.00,19765.07
535.00,7735.93,0.00,0.00,0.00,0.00,0.00,0.00,19765.07
536.00,7735.93,0.00,0.00,0.00,0.00,0.00,0.00,19765.07
537.00,7735.93,0.00,0.00,0.00,0.00,0.00,0.00,19765.07
538.00,7735.93,0.00,0.00,0.00,0.00,0.00,0.00,19765.07
539.00,7735.93,0.00,0.00,0.00,0.00,0.00,0.00,19765.07
540.00,7735.93,0.00,0.00,0.00,0.00,0.00,0.00,19765.07
541.00,7735.93,0.00,0.00,0.00,0.00,0.00,0.00,19765.07
542.00,7735.93,0.00,0.00,0.00,0.00,0.00,0.00,19765.07
543.00,7735.93,0.00,0.00,0.00,0.00,0.00,0.00,19765.07
544.00,7735.93,0.00,0.00,0.00,0.00,0.00,0.00,19765.07
545.00,7735.93,0.00,0.00,0.00,0.00,0.00,0.00,19765.07
546.00,7735.93,0.00,0.00,0.00,0.00,0.00,0.00,19765.07
547.00,7735.93,0.00,0.00,0.00,0.00,0.00,0.00,19765.07
548.00,7735.93,0.00,0.00,0.00,0.00,0.00,0.00,19765.07
549.00,7735.93,0.00,0.00,0.00,0.00,0.00,0.00,19765.07
550.00,7735.93,0.00,0.00,0.00,0.00,0.00,0.00,19765.07
551.00,7735.93,0.00,0.00,0.00,0.00,0.00,0.00,19765.07
552.00,7735.93,0.00,0.00,0.00,0.00,0.00,0.00,19765.07
553.00,7735.93,0.00,0.00,0.00,0.00,0.00,0.00,19765.07
554.00,7735.93,0.00,0.00,0.00,0.00,0.00,0.00,19765.07
555.00,7735.93,0.00,0.00,0.00,0.00,0.00,0.00,19765.07
556.00,7735.93,0.00,0.00,0.00,0.00,0.00,0.00,19765.07
557.00,7735.93,0.00,0.00,0.00,0.00,0.00,0.00,19765.07
558.00,7735.93,0.00,0.00,0.00,0.00,0.00,0.00,19765.07
559.00,7735.93,0.00,0.00,0.00,0.00,0.00,0.00,19765.07
560.00,7735.93,0.00,0.00,0.00,0.00,0.00,0.00,19765.07
561.00,7735.93,0.00,0.00,0.00,0.00,0.00,0.00,19765.07
562.00,7735.93,0.00,0.00,0.00,0.00,0.00,0.00,19765.07
563.00,7735.93,0.00,0.00,0.00,0.00,0.00,0.00,19765.07
564.00,7735.93,0.00,0.00,0.00,0.00,0.00,0.00,19765.07
565.00,7735.93,0.00,0.00,0.00,0.00,0.00,0.00,19765.07
566.00,7735.93,0.00,0.00,0.00,0.00,0.00,0.00,19765.07
567.00,7735.93,0.00,0.00,0.00,0.00,0.00,0.00,19765.07
568.00,7735.93,0.00,0.00,0.00,0.00,0.00,0.00,19765.07
569.00,7735.93,0.00,0.00,0.00,0.00,0.00,0.00,19765.07
570.00,7735.93,0.00,0.00,0.00,0.00,0.00,0.00,19765.07
571.00,7735.93,0.00,0.00,0.00,0.00,0.00,0.00,19765.07
572.00,7735.93,0.00,0.00,0.00,0.00,0.00,0.00,19765.07
573.00,7735.93,0.00,0.00,0.00,0.00,0.00,0.00,19765.07
574.00,7735.93,0.00,0.00,0.00,0.00,0.00,0.00,19765.07
575.00,7735.93,0.00,0.00,0.00,0.00,0.00,0.00,19765.07
576.00,7735.93,0.00,0.00,0.00,0.00,0.00,0.00,19765.07
577.00,7735.93,0.00,0.00,0.00,0.00,0.00,0.00,19765.07
578.00,7735.93,0.00,0.00,0.00,0.00,0.00,0.00,19765.07
579.00,7735.93,0.00,0.00,0.00,0.00,0.00,0.00,19765.07
580.00,7735.93,0.00,0.00,0.00,0.00,0.00,0.00,19765.07
581.00,7735.93,0.00,0.00,0.00,0.00,0.00,0.00,19765.07
582.00,7735.93,0.00,0.00,0.00,0.00,0.00,0.00,19765.07
583.00,7735.93,0.00,0.00,0.00,0.00,0.00,0.00,19765.07
584.00,7735.93,0.00,0.00,0.00,0.00,0.00,0.00,19765.07
585.00,7735.93,0.00,0.00,0.00,0.00,0.00,0.00,19765.07
586.00,7735.93,0.00,0.00,0.00,0.00,0.00,0.00,19765.07
587.00,7735.93,0.00,0.00,0.00,0.00,0.00,0.00,19765.07
588.00,7735.93,0.00,0.00,0.00,0.00,0.00,0.00,19765.07
589.00,7735.93,0.00,0.00,0.00,0.00,0.00,0.00,19765.07
590.00,7735.93,0.00,0.00,0.00,0.00,0.00,0.00,19765.07
591.00,7735.93,0.00,0.00,0.00,0.00,0.00,0.00,19765.07
592.00,7735.93,0.00,0.00,0.00,0.00,0.00,0.00,19765.07
593.00,7735.93,0.00,0.00,0.00,0.00,0.00,0.00,19765.07
594.00,7735.93,0.00,0.00,0.00,0.00,0.00,0.00,19765.07
595.00,7735.93,0.00,0.00,0.00,0.00,0.00,0.00,19765.07
596.00,7735.93,0.00,0.00,0.00,0.00,0.00,0.00,19765.07
597.00,7735.93,0.00,0.00,0.00,0.00,0.00,0.00,19765.07
598.00,7735.93,0.00,0.00,0.00,0.00,0.00,0.00,19765.07
599.00,7735.93,0.00,0.00,0.00,0.00,0.00,0.00,19765.07
600.00,7735.93,0.00,0.00,0.00,0.00,0.00,0.00,19765.07
601.00,7735.93,0.00,0.00,0.00,0.00,0.00,0.00,19765.07
602.00,7735.93,0.00,0.00,0.00,0.00,0.00,0.00,19765.07
603.00,7735.93,0.00,0.00,0.00,0.00,0.00,0.00,19765.07
604.00,7735.93,0.00,0.00,0.00,0.00,0.00,0.00,19765.07
605.00,7735.93,0.00,0.00,0.00,0.00,0.00,0.00,19765.07
606.00,7735.93,0.00,0.00,0.00,0.00,0.00,0.00,19765.07
607.00,7735.93,0.00,0.00,0.00,0.00,0.00,0.00,19765.07
608.00,7735.93,0.00,0.00,0.00,0.00,0.00,0.00,19765.07
609.00,7735.93,0.00,0.00,0.00,0.00,0.00,0.00,19765.07
610.00,7735.93,0.00,0.00,0.00,0.00,0.00,0.00,19765.07
611.00,7735.93,0.00,0.00,0.00,0.00,0.00,0.00,19765.07
612.00,7735.93,0.00,0.00,0.00,0.00,0.00,0.00,19765.07
613.00,7735.93,0.00,0.00,0.00,0.00,0.00,0.00,19765.07
614.00,7735.93,0.00,0.00,0.00,0.00,0.00,0.00,19765.07
615.00,7735.93,0.00,0.00,0.00,0.00,0.00,0.00,19765.07
616.00,7735.93,0.00,0.00,0.00,0.00,0.00,0.00,19765.07
617.00,7735.93,0.00,0.00,0.00,0.00,0.00,0.00,19765.07
618.00,7735.93,0.00,0.00,0.00,0.00,0.00,0.00,19765.07
619.00,7735.93,0.00,0.00,0.00,0.00,0.00,0.00,19765.07
620.00,7735.93,0.00,0.00,0.00,0.00,0.00,0.00,19765.07
621.00,7735.93,0.00,0.00,0.00,0.00,0.00,0.00,19765.07
622.00,7735.93,0.00,0.00,0.00,0.00,0.00,0.00,19765.07
623.00,7735.93,0.00,0.00,0.00,0.00,0.00,0.00,19765.07
624.00,7735.93,0.00,0.00,0.00,0.00,0.00,0.00,19765.07
625.00,7735.93,0.00,0.00,0.00,0.00,0.00,0.00,19765.07
626.00,7735.93,0.00,0.00,0.00,0.00,0.00,0.00,19765.07
627.00,7735.93,0.00,0.00,0.00,0.00,0.00,0.00,19765.07
628.00,7735.93,0.00,0.00,0.00,0.00,0.00,0.00,19765.07
629.00,7735.93,0.00,0.00,0.00,0.00,0.00,0.00,19765.07
630.00,7735.93,0.00,0.00,0.00,0.00,0.00,0.00,19765.07
631.00,7735.93,0.00,0.00,0.00,0.00,0.00,0.00,19765.07
632.00,7735.93,0.00,0.00,0.00,0.00,0.00,0.00,19765.07
633.00,7735.93,0.00,0.00,0.00,0.00,0.00,0.00,19765.07
634.00,7735.93,0.00,0.00,0.00,0.00,0.00,0.00,19765.07
635.00,7735.93,0.00,0.00,0.00,0.00,0.00,0.00,19765.07
636.00,7735.93,0.00,0.00,0.00,0.00,0.00,0.00,19765.07
637.00,7735.93,0.00,0.00,0.00,0.00,0.00,0.00,19765.07
638.00,7735.93,0.00,0.00,0.00,0.00,0.00,0.00,19765.07
639.00,7735.93,0.00,0.00,0.00,0.00,0.00,0.00,19765.07
640.00,7735.93,0.00,0.00,0.00,0.00,0.00,0.00,19765.07
641.00,7735.93,0.00,0.00,0.00,0.00,0.00,0.00,19765.07
642.00,7735.93,0.00,0.00,0.00,0.00,0.00,0.00,19765.07
643.00,7735.93,0.00,0.00,0.00,0.00,0.00,0.00,19765.07
644.00,7735.93,0.00,0.00,0.00,0.00,0.00,0.00,19765.07
645.00,7735.93,0.00,0.00,0.00,0.00,0.00,0.00,19765.07
646.00,7735.93,0.00,0.00,0.00,0.00,0.00,0.00,19765.07
647.00,7735.93,0.00,0.00,0.00,0.00,0.00,0.00,19765.07
648.00,7735.93,0.00,0.00,0.00,0.00,0.00,0.00,19765.07
649.00,7735.93,0.00,0.00,0.00,0.00,0.00,0.00,19765.07
650.00,7735.93,0.00,0.00,0.00,0.00,0.00,0.00,19765.07
651.00,7735.93,0.00,0.00,0.00,0.00,0.00,0.00,19765.07
652.00,7735.93,0.00,0.00,0.00,0.00,0.00,0.00,19765.07
653.00,7735.93,0.00,0.00,0.00,0.00,0.00,0.00,19765.07
654.00,7735.93,0.00,0.00,0.00,0.00,0.00,0.00,19765.07
655.00,7735.93,0.00,0.00,0.00,0.00,0.00,0.00,19765.07
656.00,7735.93,0.00,0.00,0.00,0.00,0.00,0.00,19765.07
657.00,7735.93,0.00,0.00,0.00,0.00,0.00,0.00,19765.07
658.00,7735.93,0.00,0.00,0.00,0.00,0.00,0.00,19765.07
659.00,7735.93,0.00,0.00,0.00,0.00,0.00,0.00,19765.07
660.00,7735.93,0.00,0.00,0.00,0.00,0.00,0.00,19765.07
661.00,7735.93,0.00,0.00,0.00,0.00,0.00,0.00,19765.07
662.00,7735.93,0.00,0.00,0.00,0.00,0.00,0.00,19765.07
663.00,7735.93,0.00,0.00,0.00,0.00,0.00,0.00,19765.07
664.00,7735.93,0.00,0.00,0.00,0.00,0.00,0.00,19765.07
665.00,7735.93,0.00,0.00,0.00,0.00,0.00,0.00,19765.07
666.00,7735.93,0.00,0.00,0.00,0.00,0.00,0.00,19765.07
667.00,7735.93,0.00,0.00,0.00,0.00,0.00,0.00,19765.07
668.00,7735.93,0.00,0.00,0.00,0.00,0.00,0.00,19765.07
669.00,7735.93,0.00,0.00,0.00,0.00,0.00,0.00,19765.07
670.00,7735.93,0.00,0.00,0.00,0.00,0.00,0.00,19765.07
671.00,7735.93,0.00,0.00,0.00,0.00,0.00,0.00,19765.07
672.00,7735.93,0.00,0.00,0.00,0.00,0.00,0.00,19765.07
673.00,7735.93,0.00,0.00,0.00,0.00,0.00,0.00,19765.07
674.00,7735.93,0.00,0.00,0.00,0.00,0.00,0.00,19765.07
675.00,7735.93,0.00,0.00,0.00,0.00,0.00,0.00,19765.07
676.00,7735.93,0.00,0.00,0.00,0.00,0.00,0.00,19765.07
677.00,7735.93,0.00,0.00,0.00,0.00,0.00,0.00,19765.07
678.00,7735.93,0.00,0.00,0.00,0.00,0.00,0.00,19765.07
679.00,7735.93,0.00,0.00,0.00,0.00,0.00,0.00,19765.07
680.00,7735.93,0.00,0.00,0.00,0.00,0.00,0.00,19765.07
681.00,7735.93,0.00,0.00,0.00,0.00,0.00,0.00,19765.07
682.00,7735.93,0.00,0.00,0.00,0.00,0.00,0.00,19765.07
683.00,7735.93,0.00,0.00,0.00,0.00,0.00,0.00,19765.07
684.00,7735.93,0.00,0.00,0.00,0.00,0.00,0.00,19765.07
685.00,7735.93,0.00,0.00,0.00,0.00,0.00,0.00,19765.07
686.00,7735.93,0.00,0.00,0.00,0.00,0.00,0.00,19765.07
687.00,7735.93,0.00,0.00,0.00,0.00,0.00,0.00,19765.07
688.00,7735.93,0.00,0.00,0.00,0.00,0.00,0.00,19765.07
689.00,7735.93,0.00,0.00,0.00,0.00,0.00,0.00,19765.07
690.00,7735.93,0.00,0.00,0.00,0.00,0.00,0.00,19765.07
691.00,7735.93,0.00,0.00,0.00,0.00,0.00,0.00,19765.07
692.00,7735.93,0.00,0.00,0.00,0.00,0.00,0.00,19765.07
693.00,7735.93,0.00,0.00,0.00,0.00,0.00,0.00,19765.07
694.00,7735.93,0.00,0.00,0.00,0.00,0.00,0.00,19765.07
695.00,7735.93,0.00,0.00,0.00,0.00,0.00,0.00,19765.07
696.00,7735.93,0.00,0.00,0.00,0.00,0.00,0.00,19765.07
697.00,7735.93,0.00,0.00,0.00,0.00,0.00,0.00,19765.07
698.00,7735.93,0.00,0.00,0.00,0.00,0.00,0.00,19765.07
699.00,7735.93,0.00,0.00,0.00,0.00,0.00,0.00,19765.07
700.00,7735.93,0.00,0.00,0.00,0.00,0.00,0.00,19765.07
