0.00,42597.00,0.00,0.00,0.00,0.00,0.00,0.00,0.00
1.00,42596.96,0.03,0.01,0.00,0.00,0.00,0.00,0.00
2.00,42596.94,0.03,0.02,0.00,0.00,0.00,0.00,0.00
3.00,42596.93,0.03,0.02,0.00,0.00,0.00,0.00,0.00
4.00,42596.92,0.04,0.02,0.01,0.00,0.00,0.00,0.01
5.00,42596.90,0.04,0.02,0.01,0.00,0.01,0.00,0.02
6.00,42596.89,0.04,0.02,0.01,0.00,0.01,0.00,0.03
7.00,42596.88,0.04,0.02,0.01,0.00,0.01,0.00,0.04
8.00,42596.86,0.04,0.02,0.01,0.01,0.01,0.00,0.05
9.00,42596.85,0.05,0.02,0.01,0.01,0.01,0.00,0.06
10.00,42596.83,0.05,0.02,0.01,0.01,0.01,0.00,0.08
11.00,42596.81,0.05,0.02,0.01,0.01,0.01,0.00,0.09
12.00,42596.80,0.05,0.03,0.01,0.01,0.01,0.00,0.10
13.00,42596.78,0.05,0.03,0.01,0.01,0.01,0.00,0.12
14.00,42596.76,0.05,0.03,0.01,0.01,0.01,0.00,0.13
15.00,42596.74,0.06,0.03,0.01,0.01,0.01,0.00,0.14
16.00,42596.73,0.06,0.03,0.01,0.01,0.01,0.00,0.16
17.00,42596.71,0.06,0.03,0.01,0.01,0.01,0.00,0.18
18.00,42596.69,0.06,0.03,0.01,0.01,0.01,0.00,0.19
19.00,42596.67,0.06,0.03,0.01,0.01,0.01,0.00,0.21
20.00,42596.65,0.06,0.03,0.01,0.01,0.01,0.00,0.23
21.00,42596.63,0.07,0.03,0.01,0.01,0.01,0.00,0.24
22.00,42596.60,0.07,0.03,0.01,0.01,0.01,0.00,0.26
23.00,42596.58,0.07,0.03,0.01,0.01,0.01,0.00,0.28
24.00,42596.56,0.07,0.04,0.01,0.01,0.01,0.00,0.30
25.00,42596.54,0.07,0.04,0.01,0.01,0.01,0.00,0.32
26.00,42596.51,0.07,0.04,0.01,0.01,0.01,0.00,0.34
27.00,42596.49,0.08,0.04,0.01,0.01,0.01,0.00,0.36
28.00,42596.46,0.08,0.04,0.01,0.01,0.01,0.00,0.38
29.00,42596.44,0.08,0.04,0.01,0.01,0.01,0.00,0.40
30.00,42596.41,0.08,0.04,0.01,0.01,0.01,0.00,0.42
31.00,42596.39,0.08,0.04,0.02,0.01,0.01,0.00,0.45
32.00,42596.36,0.09,0.04,0.02,0.01,0.01,0.00,0.47
33.00,42596.33,0.09,0.04,0.02,0.01,0.01,0.00,0.49
34.00,42596.30,0.09,0.04,0.02,0.01,0.01,0.00,0.52
35.00,42596.28,0.09,0.05,0.02,0.01,0.01,0.00,0.54
36.00,42596.25,0.09,0.05,0.02,0.01,0.01,0.00,0.57
37.00,42596.22,0.10,0.05,0.02,0.01,0.01,0.00,0.59
38.00,42596.18,0.10,0.05,0.02,0.01,0.01,0.01,0.62
39.00,42596.15,0.10,0.05,0.02,0.01,0.01,0.01,0.65
40.00,42596.12,0.10,0.05,0.02,0.01,0.02,0.01,0.67
41.00,42596.09,0.10,0.05,0.02,0.01,0.02,0.01,0.70
42.00,42596.05,0.11,0.05,0.02,0.01,0.02,0.01,0.73
43.00,42596.02,0.11,0.05,0.02,0.01,0.02,0.01,0.76
44.00,42595.98,0.11,0.06,0.02,0.01,0.02,0.01,0.79
45.00,42595.95,0.11,0.06,0.02,0.01,0.02,0.01,0.82
46.00,42595.91,0.12,0.06,0.02,0.01,0.02,0.01,0.85
47.00,42595.87,0.12,0.06,0.02,0.01,0.02,0.01,0.89
48.00,42595.83,0.12,0.06,0.02,0.01,0.02,0.01,0.92
49.00,42595.79,0.13,0.06,0.02,0.02,0.02,0.01,0.95
50.00,42595.75,0.13,0.06,0.02,0.02,0.02,0.01,0.99
51.00,42595.71,0.13,0.07,0.02,0.02,0.02,0.01,1.03
52.00,42595.67,0.13,0.07,0.02,0.02,0.02,0.01,1.06
53.00,42595.62,0.14,0.07,0.03,0.02,0.02,0.01,1.10
54.00,42595.58,0.14,0.07,0.03,0.02,0.02,0.01,1.14
55.00,42595.53,0.14,0.07,0.03,0.02,0.02,0.01,1.18
56.00,42595.49,0.15,0.07,0.03,0.02,0.02,0.01,1.22
57.00,42595.44,0.15,0.08,0.03,0.02,0.02,0.01,1.26
58.00,42595.39,0.15,0.08,0.03,0.02,0.02,0.01,1.30
59.00,42595.34,0.16,0.08,0.03,0.02,0.02,0.01,1.34
60.00,42595.29,0.16,0.08,0.03,0.02,0.02,0.01,1.39
61.00,42595.24,0.17,0.08,0.03,0.02,0.02,0.01,1.43
62.00,42595.19,0.17,0.08,0.03,0.02,0.03,0.01,1.48
63.00,42595.13,0.17,0.09,0.03,0.02,0.03,0.01,1.52
64.00,42595.08,0.18,0.09,0.03,0.02,0.03,0.01,1.57
65.00,42595.02,0.18,0.09,0.03,0.02,0.03,0.01,1.62
66.00,42594.96,0.19,0.09,0.03,0.02,0.03,0.01,1.67
67.00,42594.90,0.19,0.09,0.03,0.02,0.03,0.01,1.72
68.00,42594.84,0.19,0.10,0.04,0.02,0.03,0.01,1.77
69.00,42594.78,0.20,0.10,0.04,0.02,0.03,0.01,1.83
70.00,42594.71,0.20,0.10,0.04,0.02,0.03,0.01,1.88
71.00,42594.65,0.21,0.10,0.04,0.02,0.03,0.01,1.94
72.00,42594.58,0.21,0.11,0.04,0.03,0.03,0.01,2.00
73.00,42594.51,0.22,0.11,0.04,0.03,0.03,0.01,2.05
74.00,42594.44,0.22,0.11,0.04,0.03,0.03,0.01,2.11
75.00,42594.37,0.23,0.11,0.04,0.03,0.03,0.01,2.18
76.00,42594.30,0.23,0.12,0.04,0.03,0.03,0.01,2.24
77.00,42594.22,0.24,0.12,0.04,0.03,0.04,0.01,2.30
78.00,42594.14,0.24,0.12,0.04,0.03,0.04,0.01,2.37
79.00,42594.07,0.25,0.12,0.05,0.03,0.04,0.01,2.44
80.00,42593.99,0.25,0.13,0.05,0.03,0.04,0.01,2.50
81.00,42593.90,0.26,0.13,0.05,0.03,0.04,0.01,2.57
82.00,42593.82,0.27,0.13,0.05,0.03,0.04,0.01,2.65
83.00,42593.73,0.27,0.14,0.05,0.03,0.04,0.01,2.72
84.00,42593.65,0.28,0.14,0.05,0.03,0.04,0.01,2.80
85.00,42593.56,0.28,0.14,0.05,0.03,0.04,0.01,2.87
86.00,42593.46,0.29,0.15,0.05,0.03,0.04,0.02,2.95
87.00,42593.37,0.30,0.15,0.05,0.04,0.04,0.02,3.03
88.00,42593.27,0.30,0.15,0.06,0.04,0.05,0.02,3.11
89.00,42593.18,0.31,0.16,0.06,0.04,0.05,0.02,3.20
90.00,42593.08,0.32,0.16,0.06,0.04,0.05,0.02,3.29
91.00,42592.97,0.33,0.16,0.06,0.04,0.05,0.02,3.37
92.00,42592.87,0.33,0.17,0.06,0.04,0.05,0.02,3.46
93.00,42592.76,0.34,0.17,0.06,0.04,0.05,0.02,3.56
94.00,42592.65,0.35,0.17,0.06,0.04,0.05,0.02,3.65
95.00,42592.54,0.36,0.18,0.07,0.04,0.05,0.02,3.75
96.00,42592.42,0.37,0.18,0.07,0.04,0.05,0.02,3.85
97.00,42592.30,0.37,0.19,0.07,0.04,0.06,0.02,3.95
98.00,42592.18,0.38,0.19,0.07,0.05,0.06,0.02,4.05
99.00,42592.06,0.39,0.20,0.07,0.05,0.06,0.02,4.16
100.00,42591.93,0.40,0.20,0.07,0.05,0.06,0.02,4.27
101.00,42591.80,0.41,0.20,0.08,0.05,0.06,0.02,4.38
102.00,42591.67,0.42,0.21,0.08,0.05,0.06,0.02,4.49
103.00,42591.54,0.43,0.21,0.08,0.05,0.06,0.02,4.61
104.00,42591.40,0.44,0.22,0.08,0.05,0.07,0.02,4.72
105.00,42591.26,0.45,0.22,0.08,0.05,0.07,0.02,4.85
106.00,42591.11,0.46,0.23,0.08,0.05,0.07,0.02,4.97
107.00,42590.96,0.47,0.23,0.09,0.06,0.07,0.02,5.10
108.00,42590.81,0.48,0.24,0.09,0.06,0.07,0.02,5.23
109.00,42590.66,0.49,0.25,0.09,0.06,0.07,0.03,5.36
110.00,42590.50,0.50,0.25,0.09,0.06,0.07,0.03,5.50
111.00,42590.34,0.51,0.26,0.09,0.06,0.08,0.03,5.63
112.00,42590.17,0.53,0.26,0.10,0.06,0.08,0.03,5.78
113.00,42590.00,0.54,0.27,0.10,0.06,0.08,0.03,5.92
114.00,42589.83,0.55,0.27,0.10,0.07,0.08,0.03,6.07
115.00,42589.65,0.56,0.28,0.10,0.07,0.08,0.03,6.22
116.00,42589.47,0.57,0.29,0.11,0.07,0.09,0.03,6.38
117.00,42589.28,0.59,0.29,0.11,0.07,0.09,0.03,6.54
118.00,42589.09,0.60,0.30,0.11,0.07,0.09,0.03,6.70
119.00,42588.90,0.62,0.31,0.11,0.07,0.09,0.03,6.87
120.00,42588.70,0.63,0.31,0.12,0.08,0.09,0.03,7.04
121.00,42588.50,0.64,0.32,0.12,0.08,0.10,0.03,7.21
122.00,42588.29,0.66,0.33,0.12,0.08,0.10,0.03,7.39
123.00,42588.08,0.67,0.34,0.12,0.08,0.10,0.03,7.57
124.00,42587.86,0.69,0.34,0.13,0.08,0.10,0.04,7.76
125.00,42587.64,0.70,0.35,0.13,0.08,0.10,0.04,7.95
126.00,42587.41,0.72,0.36,0.13,0.09,0.11,0.04,8.15
127.00,42587.18,0.74,0.37,0.14,0.09,0.11,0.04,8.34
128.00,42586.94,0.75,0.38,0.14,0.09,0.11,0.04,8.55
129.00,42586.70,0.77,0.39,0.14,0.09,0.11,0.04,8.76
130.00,42586.45,0.79,0.39,0.15,0.09,0.12,0.04,8.97
131.00,42586.19,0.81,0.40,0.15,0.10,0.12,0.04,9.19
132.00,42585.93,0.83,0.41,0.15,0.10,0.12,0.04,9.41
133.00,42585.66,0.85,0.42,0.16,0.10,0.13,0.04,9.64
134.00,42585.39,0.86,0.43,0.16,0.10,0.13,0.04,9.88
135.00,42585.11,0.88,0.44,0.16,0.11,0.13,0.05,10.12
136.00,42584.83,0.90,0.45,0.17,0.11,0.13,0.05,10.36
137.00,42584.53,0.93,0.46,0.17,0.11,0.14,0.05,10.61
138.00,42584.24,0.95,0.47,0.17,0.11,0.14,0.05,10.87
139.00,42583.93,0.97,0.48,0.18,0.12,0.14,0.05,11.13
140.00,42583.62,0.99,0.50,0.18,0.12,0.15,0.05,11.40
141.00,42583.30,1.01,0.51,0.19,0.12,0.15,0.05,11.67
142.00,42582.97,1.04,0.52,0.19,0.12,0.15,0.05,11.95
143.00,42582.64,1.06,0.53,0.19,0.13,0.16,0.06,12.24
144.00,42582.30,1.08,0.54,0.20,0.13,0.16,0.06,12.53
145.00,42581.95,1.11,0.55,0.20,0.13,0.16,0.06,12.83
146.00,42581.59,1.13,0.57,0.21,0.14,0.17,0.06,13.14
147.00,42581.22,1.16,0.58,0.21,0.14,0.17,0.06,13.45
148.00,42580.85,1.19,0.59,0.22,0.14,0.18,0.06,13.78
149.00,42580.46,1.21,0.61,0.22,0.15,0.18,0.06,14.10
150.00,42580.07,1.24,0.62,0.23,0.15,0.18,0.06,14.44
151.00,42579.67,1.27,0.64,0.23,0.15,0.19,0.07,14.78
152.00,42579.26,1.30,0.65,0.24,0.16,0.19,0.07,15.14
153.00,42578.84,1.33,0.66,0.24,0.16,0.20,0.07,15.50
154.00,42578.41,1.36,0.68,0.25,0.16,0.20,0.07,15.86
155.00,42577.97,1.39,0.70,0.26,0.17,0.21,0.07,16.24
156.00,42577.53,1.42,0.71,0.26,0.17,0.21,0.07,16.62
157.00,42577.07,1.45,0.73,0.27,0.17,0.22,0.08,17.02
158.00,42576.60,1.49,0.74,0.27,0.18,0.22,0.08,17.42
159.00,42576.12,1.52,0.76,0.28,0.18,0.23,0.08,17.83
160.00,42575.63,1.56,0.78,0.29,0.19,0.23,0.08,18.26
161.00,42575.12,1.59,0.80,0.29,0.19,0.24,0.08,18.69
162.00,42574.61,1.63,0.81,0.30,0.19,0.24,0.08,19.13
163.00,42574.08,1.67,0.83,0.31,0.20,0.25,0.09,19.58
164.00,42573.55,1.70,0.85,0.31,0.20,0.25,0.09,20.04
165.00,42573.00,1.74,0.87,0.32,0.21,0.26,0.09,20.51
166.00,42572.43,1.78,0.89,0.33,0.21,0.26,0.09,20.99
167.00,42571.86,1.82,0.91,0.34,0.22,0.27,0.09,21.49
168.00,42571.27,1.87,0.93,0.34,0.22,0.28,0.10,21.99
169.00,42570.67,1.91,0.95,0.35,0.23,0.28,0.10,22.51
170.00,42570.05,1.95,0.98,0.36,0.23,0.29,0.10,23.04
171.00,42569.42,2.00,1.00,0.37,0.24,0.30,0.10,23.58
172.00,42568.78,2.04,1.02,0.38,0.24,0.30,0.11,24.13
173.00,42568.12,2.09,1.04,0.38,0.25,0.31,0.11,24.70
174.00,42567.45,2.14,1.07,0.39,0.26,0.32,0.11,25.27
175.00,42566.76,2.18,1.09,0.40,0.26,0.32,0.11,25.87
176.00,42566.05,2.23,1.12,0.41,0.27,0.33,0.12,26.47
177.00,42565.33,2.29,1.14,0.42,0.27,0.34,0.12,27.09
178.00,42564.59,2.34,1.17,0.43,0.28,0.35,0.12,27.72
179.00,42563.84,2.39,1.20,0.44,0.29,0.35,0.12,28.37
180.00,42563.07,2.45,1.22,0.45,0.29,0.36,0.13,29.03
181.00,42562.28,2.50,1.25,0.46,0.30,0.37,0.13,29.71
182.00,42561.47,2.56,1.28,0.47,0.31,0.38,0.13,30.40
183.00,42560.64,2.62,1.31,0.48,0.31,0.39,0.14,31.11
184.00,42559.80,2.68,1.34,0.49,0.32,0.40,0.14,31.84
185.00,42558.94,2.74,1.37,0.50,0.33,0.41,0.14,32.58
186.00,42558.05,2.80,1.40,0.51,0.33,0.42,0.15,33.34
187.00,42557.15,2.86,1.43,0.53,0.34,0.43,0.15,34.11
188.00,42556.23,2.93,1.46,0.54,0.35,0.43,0.15,34.90
189.00,42555.28,3.00,1.50,0.55,0.36,0.44,0.16,35.72
190.00,42554.31,3.06,1.53,0.56,0.37,0.45,0.16,36.55
191.00,42553.33,3.13,1.57,0.58,0.37,0.47,0.16,37.39
192.00,42552.32,3.21,1.60,0.59,0.38,0.48,0.17,38.26
193.00,42551.28,3.28,1.64,0.60,0.39,0.49,0.17,39.15
194.00,42550.22,3.35,1.68,0.62,0.40,0.50,0.17,40.06
195.00,42549.14,3.43,1.71,0.63,0.41,0.51,0.18,40.99
196.00,42548.04,3.51,1.75,0.65,0.42,0.52,0.18,41.94
197.00,42546.90,3.59,1.79,0.66,0.43,0.53,0.19,42.91
198.00,42545.75,3.67,1.83,0.67,0.44,0.54,0.19,43.90
199.00,42544.56,3.75,1.88,0.69,0.45,0.56,0.19,44.92
200.00,42543.35,3.84,1.92,0.71,0.46,0.57,0.20,45.96
201.00,42542.12,3.92,1.96,0.72,0.47,0.58,0.20,47.02
202.00,42540.85,4.01,2.01,0.74,0.48,0.60,0.21,48.11
203.00,42539.55,4.11,2.05,0.76,0.49,0.61,0.21,49.22
204.00,42538.23,4.20,2.10,0.77,0.50,0.62,0.22,50.36
205.00,42536.88,4.29,2.15,0.79,0.51,0.64,0.22,51.52
206.00,42535.49,4.39,2.20,0.81,0.53,0.65,0.23,52.71
207.00,42534.08,4.49,2.25,0.83,0.54,0.67,0.23,53.92
208.00,42532.63,4.59,2.30,0.84,0.55,0.68,0.24,55.17
209.00,42531.15,4.70,2.35,0.86,0.56,0.70,0.24,56.44
210.00,42529.63,4.80,2.40,0.88,0.57,0.71,0.25,57.74
211.00,42528.08,4.91,2.46,0.90,0.59,0.73,0.26,59.07
212.00,42526.50,5.02,2.51,0.92,0.60,0.75,0.26,60.43
213.00,42524.88,5.14,2.57,0.95,0.61,0.76,0.27,61.83
214.00,42523.22,5.25,2.63,0.97,0.63,0.78,0.27,63.25
215.00,42521.53,5.37,2.69,0.99,0.64,0.80,0.28,64.71
216.00,42519.79,5.50,2.75,1.01,0.66,0.82,0.29,66.19
217.00,42518.02,5.62,2.81,1.03,0.67,0.83,0.29,67.72
218.00,42516.21,5.75,2.87,1.06,0.69,0.85,0.30,69.27
219.00,42514.36,5.88,2.94,1.08,0.70,0.87,0.31,70.87
220.00,42512.46,6.01,3.01,1.11,0.72,0.89,0.31,72.49
221.00,42510.52,6.15,3.07,1.13,0.74,0.91,0.32,74.16
222.00,42508.54,6.29,3.14,1.16,0.75,0.93,0.33,75.86
223.00,42506.52,6.43,3.21,1.18,0.77,0.95,0.33,77.60
224.00,42504.44,6.57,3.29,1.21,0.79,0.98,0.34,79.38
225.00,42502.33,6.72,3.36,1.24,0.80,1.00,0.35,81.21
226.00,42500.16,6.87,3.44,1.26,0.82,1.02,0.36,83.07
227.00,42497.94,7.03,3.51,1.29,0.84,1.04,0.37,84.97
228.00,42495.68,7.19,3.59,1.32,0.86,1.07,0.37,86.92
229.00,42493.36,7.35,3.67,1.35,0.88,1.09,0.38,88.91
230.00,42490.99,7.51,3.76,1.38,0.90,1.12,0.39,90.95
231.00,42488.57,7.68,3.84,1.41,0.92,1.14,0.40,93.03
232.00,42486.10,7.86,3.93,1.45,0.94,1.17,0.41,95.16
233.00,42483.56,8.03,4.02,1.48,0.96,1.19,0.42,97.34
234.00,42480.98,8.21,4.11,1.51,0.98,1.22,0.43,99.56
235.00,42478.33,8.40,4.20,1.55,1.00,1.25,0.44,101.84
236.00,42475.62,8.59,4.29,1.58,1.03,1.28,0.45,104.17
237.00,42472.86,8.78,4.39,1.62,1.05,1.30,0.46,106.55
238.00,42470.03,8.98,4.49,1.65,1.07,1.33,0.47,108.98
239.00,42467.13,9.18,4.59,1.69,1.10,1.36,0.48,111.47
240.00,42464.18,9.39,4.69,1.73,1.12,1.39,0.49,114.01
241.00,42461.15,9.60,4.80,1.77,1.15,1.43,0.50,116.61
242.00,42458.06,9.81,4.91,1.81,1.17,1.46,0.51,119.27
243.00,42454.90,10.03,5.02,1.85,1.20,1.49,0.52,121.99
244.00,42451.67,10.26,5.13,1.89,1.23,1.52,0.53,124.77
245.00,42448.37,10.49,5.24,1.93,1.25,1.56,0.55,127.62
246.00,42444.99,10.72,5.36,1.97,1.28,1.59,0.56,130.52
247.00,42441.54,10.96,5.48,2.02,1.31,1.63,0.57,133.49
248.00,42438.01,11.21,5.60,2.06,1.34,1.66,0.58,136.53
249.00,42434.40,11.46,5.73,2.11,1.37,1.70,0.60,139.64
250.00,42430.71,11.71,5.86,2.16,1.40,1.74,0.61,142.81
251.00,42426.94,11.97,5.99,2.20,1.43,1.78,0.62,146.06
252.00,42423.09,12.24,6.12,2.25,1.46,1.82,0.64,149.38
253.00,42419.15,12.51,6.26,2.30,1.50,1.86,0.65,152.77
254.00,42415.12,12.79,6.40,2.35,1.53,1.90,0.67,156.24
255.00,42411.00,13.08,6.54,2.41,1.56,1.94,0.68,159.79
256.00,42406.80,13.37,6.68,2.46,1.60,1.99,0.70,163.41
257.00,42402.49,13.66,6.83,2.52,1.64,2.03,0.71,167.12
258.00,42398.10,13.97,6.98,2.57,1.67,2.08,0.73,170.91
259.00,42393.60,14.28,7.14,2.63,1.71,2.12,0.74,174.78
260.00,42389.01,14.59,7.30,2.69,1.75,2.17,0.76,178.74
261.00,42384.32,14.92,7.46,2.75,1.79,2.22,0.78,182.78
262.00,42379.52,15.25,7.62,2.81,1.82,2.27,0.79,186.92
263.00,42374.62,15.58,7.79,2.87,1.87,2.32,0.81,191.15
264.00,42369.60,15.93,7.96,2.93,1.91,2.37,0.83,195.47
265.00,42364.48,16.28,8.14,3.00,1.95,2.42,0.85,199.89
266.00,42359.25,16.64,8.32,3.06,1.99,2.47,0.87,204.40
267.00,42353.90,17.01,8.50,3.13,2.04,2.53,0.88,209.01
268.00,42348.43,17.38,8.69,3.20,2.08,2.58,0.90,213.73
269.00,42342.84,17.76,8.88,3.27,2.13,2.64,0.92,218.55
270.00,42337.14,18.15,9.08,3.34,2.17,2.70,0.94,223.48
271.00,42331.30,18.55,9.28,3.42,2.22,2.76,0.96,228.51
272.00,42325.34,18.96,9.48,3.49,2.27,2.82,0.99,233.66
273.00,42319.25,19.37,9.69,3.57,2.32,2.88,1.01,238.92
274.00,42313.03,19.80,9.90,3.65,2.37,2.94,1.03,244.29
275.00,42306.67,20.23,10.11,3.73,2.42,3.01,1.05,249.78
276.00,42300.17,20.67,10.34,3.81,2.48,3.07,1.08,255.39
277.00,42293.53,21.12,10.56,3.89,2.53,3.14,1.10,261.13
278.00,42286.75,21.58,10.79,3.98,2.58,3.21,1.12,266.99
279.00,42279.82,22.05,11.03,4.06,2.64,3.28,1.15,272.98
280.00,42272.74,22.53,11.26,4.15,2.70,3.35,1.17,279.09
281.00,42265.51,23.02,11.51,4.24,2.76,3.42,1.20,285.35
282.00,42258.12,23.52,11.76,4.33,2.82,3.50,1.22,291.73
283.00,42250.57,24.03,12.01,4.43,2.88,3.57,1.25,298.26
284.00,42242.86,24.55,12.27,4.52,2.94,3.65,1.28,304.93
285.00,42234.99,25.08,12.54,4.62,3.00,3.73,1.31,311.74
286.00,42226.94,25.62,12.81,4.72,3.07,3.81,1.33,318.70
287.00,42218.72,26.17,13.08,4.82,3.14,3.89,1.36,325.81
288.00,42210.33,26.73,13.37,4.93,3.20,3.98,1.39,333.07
289.00,42201.76,27.30,13.65,5.03,3.27,4.06,1.42,340.49
290.00,42193.01,27.89,13.94,5.14,3.34,4.15,1.45,348.07
291.00,42184.07,28.49,14.24,5.25,3.41,4.24,1.48,355.82
292.00,42174.94,29.09,14.55,5.37,3.49,4.33,1.51,363.73
293.00,42165.62,29.71,14.86,5.48,3.56,4.42,1.55,371.80
294.00,42156.09,30.35,15.17,5.60,3.64,4.51,1.58,380.05
295.00,42146.37,30.99,15.50,5.72,3.72,4.61,1.61,388.48
296.00,42136.45,31.65,15.82,5.84,3.79,4.71,1.65,397.09
297.00,42126.31,32.32,16.16,5.96,3.88,4.81,1.68,405.88
298.00,42115.96,33.00,16.50,6.09,3.96,4.91,1.72,414.85
299.00,42105.40,33.70,16.85,6.22,4.04,5.02,1.76,424.02
300.00,42094.61,34.41,17.20,6.35,4.13,5.12,1.79,433.38
301.00,42083.60,35.13,17.57,6.48,4.21,5.23,1.83,442.94
302.00,42072.36,35.87,17.93,6.62,4.30,5.34,1.87,452.70
303.00,42060.89,36.62,18.31,6.76,4.39,5.45,1.91,462.67
304.00,42049.18,37.38,18.69,6.90,4.49,5.57,1.95,472.84
305.00,42037.23,38.16,19.08,7.04,4.58,5.68,1.99,483.23
306.00,42025.03,38.96,19.48,7.19,4.67,5.80,2.03,493.84
307.00,42012.58,39.77,19.88,7.34,4.77,5.92,2.07,504.66
308.00,41999.87,40.59,20.29,7.49,4.87,6.04,2.12,515.72
309.00,41986.91,41.43,20.71,7.65,4.97,6.17,2.16,527.00
310.00,41973.68,42.28,21.14,7.81,5.08,6.30,2.20,538.52
311.00,41960.18,43.15,21.57,7.97,5.18,6.43,2.25,550.27
312.00,41946.41,44.03,22.02,8.13,5.29,6.56,2.30,562.27
313.00,41932.35,44.93,22.47,8.30,5.40,6.69,2.34,574.51
314.00,41918.02,45.85,22.93,8.47,5.51,6.83,2.39,587.01
315.00,41903.39,46.78,23.39,8.64,5.62,6.97,2.44,599.76
316.00,41888.47,47.73,23.87,8.82,5.73,7.11,2.49,612.77
317.00,41873.26,48.70,24.35,9.00,5.85,7.26,2.54,626.05
318.00,41857.74,49.68,24.84,9.18,5.97,7.40,2.59,639.60
319.00,41841.91,50.68,25.34,9.37,6.09,7.55,2.64,653.42
320.00,41825.77,51.69,25.85,9.56,6.21,7.71,2.70,667.52
321.00,41809.31,52.73,26.36,9.75,6.34,7.86,2.75,681.91
322.00,41792.52,53.78,26.89,9.94,6.46,8.02,2.81,696.58
323.00,41775.41,54.84,27.42,10.14,6.59,8.18,2.86,711.55
324.00,41757.96,55.93,27.96,10.34,6.72,8.34,2.92,726.82
325.00,41740.17,57.03,28.52,10.55,6.86,8.51,2.98,742.39
326.00,41722.04,58.15,29.08,10.76,6.99,8.67,3.04,758.27
327.00,41703.56,59.29,29.65,10.97,7.13,8.84,3.10,774.47
328.00,41684.72,60.45,30.22,11.19,7.27,9.02,3.16,790.98
329.00,41665.52,61.62,30.81,11.41,7.41,9.19,3.22,807.82
330.00,41645.95,62.82,31.41,11.63,7.56,9.37,3.28,824.98
331.00,41626.02,64.03,32.01,11.85,7.71,9.55,3.34,842.48
332.00,41605.70,65.26,32.63,12.08,7.85,9.74,3.41,860.33
333.00,41585.00,66.51,33.25,12.32,8.01,9.93,3.47,878.51
334.00,41563.92,67.77,33.89,12.55,8.16,10.12,3.54,897.05
335.00,41542.44,69.06,34.53,12.79,8.32,10.31,3.61,915.94
336.00,41520.56,70.36,35.18,13.04,8.47,10.51,3.68,935.20
337.00,41498.28,71.69,35.84,13.28,8.63,10.71,3.75,954.82
338.00,41475.59,73.03,36.51,13.54,8.80,10.91,3.82,974.81
339.00,41452.48,74.39,37.19,13.79,8.96,11.11,3.89,995.18
340.00,41428.96,75.77,37.88,14.05,9.13,11.32,3.96,1015.93
341.00,41405.00,77.17,38.58,14.31,9.30,11.53,4.04,1037.07
342.00,41380.62,78.58,39.29,14.57,9.47,11.74,4.11,1058.61
343.00,41355.80,80.02,40.01,14.84,9.65,11.96,4.19,1080.54
344.00,41330.54,81.47,40.74,15.12,9.83,12.18,4.26,1102.88
345.00,41304.83,82.94,41.47,15.39,10.00,12.40,4.34,1125.62
346.00,41278.66,84.43,42.22,15.67,10.19,12.63,4.42,1148.78
347.00,41252.05,85.94,42.97,15.95,10.37,12.85,4.50,1172.36
348.00,41224.96,87.47,43.73,16.24,10.56,13.08,4.58,1196.37
349.00,41197.42,89.01,44.51,16.53,10.75,13.32,4.66,1220.81
350.00,41169.39,90.58,45.29,16.82,10.94,13.55,4.74,1245.68
351.00,41140.90,92.16,46.08,17.12,11.13,13.79,4.83,1271.00
352.00,41111.92,93.75,46.88,17.42,11.32,14.03,4.91,1296.76
353.00,41082.45,95.37,47.68,17.73,11.52,14.28,5.00,1322.97
354.00,41052.49,97.00,48.50,18.03,11.72,14.52,5.08,1349.65
355.00,41022.04,98.65,49.32,18.34,11.92,14.77,5.17,1376.78
356.00,40991.08,100.31,50.16,18.66,12.13,15.03,5.26,1404.38
357.00,40959.63,101.99,51.00,18.97,12.33,15.28,5.35,1432.45
358.00,40927.66,103.69,51.85,19.29,12.54,15.54,5.44,1460.99
359.00,40895.18,105.40,52.70,19.62,12.75,15.80,5.53,1490.02
360.00,40862.19,107.13,53.56,19.94,12.96,16.06,5.62,1519.53
361.00,40828.67,108.87,54.44,20.27,13.18,16.32,5.71,1549.54
362.00,40794.63,110.63,55.31,20.60,13.39,16.59,5.81,1580.03
363.00,40760.07,112.40,56.20,20.94,13.61,16.86,5.90,1611.03
364.00,40724.97,114.18,57.09,21.28,13.83,17.13,6.00,1642.53
365.00,40689.34,115.97,57.99,21.62,14.05,17.40,6.09,1674.53
366.00,40653.18,117.78,58.89,21.96,14.27,17.68,6.19,1707.05
367.00,40616.48,119.60,59.80,22.30,14.50,17.95,6.28,1740.08
368.00,40579.23,121.43,60.71,22.65,14.72,18.23,6.38,1773.63
369.00,40541.44,123.27,61.63,23.00,14.95,18.51,6.48,1807.71
370.00,40503.11,125.12,62.56,23.35,15.18,18.80,6.58,1842.30
371.00,40464.23,126.98,63.49,23.71,15.41,19.08,6.68,1877.43
372.00,40424.80,128.85,64.42,24.06,15.64,19.36,6.78,1913.09
373.00,40384.82,130.72,65.36,24.42,15.87,19.65,6.88,1949.28
374.00,40344.29,132.60,66.30,24.78,16.11,19.94,6.98,1986.00
375.00,40303.20,134.49,67.25,25.14,16.34,20.23,7.08,2023.27
376.00,40261.56,136.39,68.19,25.50,16.58,20.52,7.18,2061.08
377.00,40219.37,138.29,69.14,25.87,16.81,20.81,7.28,2099.43
378.00,40176.63,140.19,70.09,26.23,17.05,21.10,7.38,2138.32
379.00,40133.34,142.09,71.05,26.59,17.29,21.39,7.49,2177.77
380.00,40089.49,144.00,72.00,26.96,17.52,21.68,7.59,2217.76
381.00,40045.09,145.91,72.95,27.33,17.76,21.98,7.69,2258.29
382.00,40000.14,147.81,73.91,27.69,18.00,22.27,7.79,2299.38
383.00,39954.64,149.72,74.86,28.06,18.24,22.56,7.90,2341.02
384.00,39908.59,151.63,75.81,28.43,18.48,22.86,8.00,2383.21
385.00,39862.00,153.53,76.76,28.79,18.72,23.15,8.10,2425.95
386.00,39814.87,155.43,77.71,29.16,18.95,23.44,8.21,2469.23
387.00,39767.19,157.32,78.66,29.52,19.19,23.74,8.31,2513.07
388.00,39718.98,159.20,79.60,29.89,19.43,24.03,8.41,2557.45
389.00,39670.24,161.08,80.54,30.25,19.66,24.32,8.51,2602.39
390.00,39620.97,162.95,81.48,30.62,19.90,24.61,8.61,2647.86
391.00,39571.17,164.81,82.41,30.98,20.13,24.90,8.71,2693.88
392.00,39520.86,166.66,83.33,31.34,20.37,25.18,8.81,2740.45
393.00,39470.02,168.50,84.25,31.69,20.60,25.47,8.91,2787.55
394.00,39418.68,170.33,85.16,32.05,20.83,25.75,9.01,2835.18
395.00,39366.84,172.13,86.07,32.40,21.06,26.03,9.11,2883.35
396.00,39314.49,173.93,86.96,32.75,21.29,26.31,9.21,2932.05
397.00,39261.65,175.71,87.85,33.10,21.52,26.59,9.31,2981.27
398.00,39208.33,177.46,88.73,33.44,21.74,26.87,9.40,3031.02
399.00,39154.53,179.20,89.60,33.79,21.96,27.14,9.50,3081.28
400.00,39100.26,180.92,90.46,34.12,22.18,27.41,9.59,3132.05
401.00,39045.53,182.62,91.31,34.46,22.40,27.67,9.69,3183.33
402.00,38990.34,184.29,92.15,34.79,22.61,27.94,9.78,3235.11
403.00,38934.71,185.94,92.97,35.11,22.82,28.20,9.87,3287.38
404.00,38878.64,187.56,93.78,35.44,23.03,28.45,9.96,3340.14
405.00,38822.14,189.16,94.58,35.75,23.24,28.70,10.05,3393.38
406.00,38765.23,190.72,95.36,36.06,23.44,28.95,10.13,3447.10
407.00,38707.91,192.26,96.13,36.37,23.64,29.20,10.22,3501.28
408.00,38650.19,193.76,96.88,36.67,23.84,29.43,10.30,3555.92
409.00,38592.09,195.24,97.62,36.97,24.03,29.67,10.38,3611.01
410.00,38533.61,196.68,98.34,37.26,24.22,29.90,10.46,3666.54
411.00,38474.77,198.08,99.04,37.54,24.40,30.12,10.54,3722.50
412.00,38415.58,199.45,99.72,37.82,24.58,30.34,10.62,3778.89
413.00,38356.05,200.78,100.39,38.09,24.76,30.56,10.69,3835.69
414.00,38296.19,202.08,101.04,38.35,24.93,30.76,10.77,3892.89
415.00,38236.02,203.33,101.66,38.60,25.09,30.97,10.84,3950.49
416.00,38175.54,204.54,102.27,38.85,25.25,31.16,10.91,4008.46
417.00,38114.78,205.71,102.86,39.09,25.41,31.35,10.97,4066.81
418.00,38053.75,206.84,103.42,39.33,25.56,31.54,11.04,4125.52
419.00,37992.46,207.93,103.96,39.55,25.71,31.72,11.10,4184.57
420.00,37930.92,208.97,104.48,39.77,25.85,31.89,11.16,4243.96
421.00,37869.15,209.96,104.98,39.98,25.99,32.05,11.22,4303.68
422.00,37807.16,210.91,105.46,40.18,26.12,32.21,11.27,4363.70
423.00,37744.97,211.81,105.91,40.37,26.24,32.36,11.33,4424.02
424.00,37682.59,212.66,106.33,40.55,26.36,32.50,11.38,4484.63
425.00,37620.04,213.46,106.73,40.72,26.47,32.64,11.42,4545.51
426.00,37557.34,214.22,107.11,40.89,26.58,32.76,11.47,4606.64
427.00,37494.49,214.92,107.46,41.04,26.68,32.88,11.51,4668.02
428.00,37431.52,215.57,107.78,41.19,26.77,33.00,11.55,4729.62
429.00,37368.44,216.17,108.08,41.32,26.86,33.10,11.59,4791.44
430.00,37305.27,216.71,108.36,41.45,26.94,33.20,11.62,4853.46
431.00,37242.02,217.20,108.60,41.56,27.01,33.29,11.65,4915.66
432.00,37178.70,217.64,108.82,41.67,27.08,33.37,11.68,4978.04
433.00,37115.34,218.03,109.01,41.76,27.14,33.44,11.70,5040.57
434.00,37051.95,218.36,109.18,41.84,27.20,33.50,11.73,5103.23
435.00,36988.55,218.63,109.32,41.92,27.25,33.56,11.75,5166.02
436.00,36925.16,218.85,109.43,41.98,27.29,33.61,11.76,5228.92
437.00,36861.78,219.02,109.51,42.03,27.32,33.65,11.78,5291.91
438.00,36798.43,219.13,109.57,42.08,27.35,33.68,11.79,5354.98
439.00,36735.14,219.18,109.59,42.11,27.37,33.70,11.79,5418.11
440.00,36671.91,219.18,109.59,42.13,27.38,33.71,11.80,5481.28
441.00,36608.77,219.13,109.56,42.14,27.39,33.72,11.80,5544.49
442.00,36545.73,219.02,109.51,42.14,27.39,33.71,11.80,5607.70
443.00,36482.80,218.85,109.42,42.13,27.38,33.70,11.80,5670.91
444.00,36420.01,218.63,109.31,42.11,27.37,33.68,11.79,5734.11
445.00,36357.36,218.35,109.17,42.08,27.35,33.65,11.78,5797.26
446.00,36294.87,218.02,109.01,42.03,27.32,33.61,11.77,5860.37
447.00,36232.56,217.63,108.82,41.98,27.29,33.57,11.75,5923.41
448.00,36170.44,217.19,108.60,41.92,27.25,33.51,11.73,5986.37
449.00,36108.53,216.70,108.35,41.84,27.20,33.45,11.71,6049.22
450.00,36046.84,216.15,108.08,41.76,27.14,33.38,11.68,6111.97
451.00,35985.38,215.56,107.78,41.66,27.08,33.30,11.66,6174.58
452.00,35924.18,214.91,107.45,41.56,27.01,33.21,11.63,6237.05
453.00,35863.23,214.21,107.10,41.44,26.94,33.12,11.59,6299.36
454.00,35802.57,213.45,106.73,41.32,26.86,33.02,11.56,6361.50
455.00,35742.20,212.65,106.33,41.18,26.77,32.91,11.52,6423.45
456.00,35682.13,211.81,105.90,41.04,26.68,32.79,11.48,6485.19
457.00,35622.38,210.91,105.45,40.89,26.58,32.66,11.43,6546.71
458.00,35562.95,209.96,104.98,40.72,26.47,32.53,11.38,6608.00
459.00,35503.87,208.97,104.49,40.55,26.36,32.39,11.34,6669.04
460.00,35445.15,207.94,103.97,40.37,26.24,32.24,11.28,6729.82
461.00,35386.78,206.86,103.43,40.18,26.12,32.08,11.23,6790.32
462.00,35328.80,205.73,102.87,39.98,25.99,31.92,11.17,6850.54
463.00,35271.20,204.57,102.28,39.77,25.85,31.75,11.11,6910.46
464.00,35214.00,203.36,101.68,39.56,25.71,31.58,11.05,6970.06
465.00,35157.21,202.12,101.06,39.33,25.57,31.40,10.99,7029.34
466.00,35100.83,200.83,100.42,39.10,25.42,31.21,10.92,7088.28
467.00,35044.88,199.51,99.75,38.86,25.26,31.01,10.85,7146.86
468.00,34989.37,198.15,99.07,38.61,25.10,30.81,10.78,7205.09
469.00,34934.31,196.75,98.38,38.36,24.93,30.61,10.71,7262.95
470.00,34879.70,195.32,97.66,38.10,24.76,30.40,10.64,7320.42
471.00,34825.54,193.86,96.93,37.83,24.59,30.18,10.56,7377.50
472.00,34771.86,192.37,96.18,37.56,24.41,29.96,10.49,7434.17
473.00,34718.66,190.84,95.42,37.27,24.23,29.73,10.41,7490.43
474.00,34665.94,189.29,94.65,36.99,24.04,29.50,10.32,7546.27
475.00,34613.71,187.71,93.85,36.70,23.85,29.26,10.24,7601.68
476.00,34561.97,186.10,93.05,36.40,23.66,29.02,10.16,7656.64
477.00,34510.74,184.47,92.23,36.09,23.46,28.78,10.07,7711.16
478.00,34460.01,182.81,91.41,35.78,23.26,28.53,9.99,7765.21
479.00,34409.80,181.13,90.56,35.47,23.06,28.28,9.90,7818.81
480.00,34360.10,179.43,89.71,35.15,22.85,28.02,9.81,7871.93
481.00,34310.93,177.71,88.85,34.83,22.64,27.76,9.72,7924.57
482.00,34262.28,175.96,87.98,34.50,22.43,27.50,9.62,7976.73
483.00,34214.16,174.20,87.10,34.17,22.21,27.23,9.53,8028.39
484.00,34166.58,172.43,86.21,33.84,21.99,26.96,9.44,8079.56
485.00,34119.52,170.64,85.32,33.50,21.77,26.69,9.34,8130.22
486.00,34073.01,168.83,84.42,33.16,21.55,26.42,9.25,8180.37
487.00,34027.04,167.01,83.51,32.81,21.33,26.14,9.15,8230.02
488.00,33981.61,165.18,82.59,32.46,21.10,25.86,9.05,8279.14
489.00,33936.72,163.34,81.67,32.12,20.87,25.58,8.95,8327.75
490.00,33892.38,161.49,80.74,31.76,20.65,25.30,8.85,8375.82
491.00,33848.59,159.63,79.81,31.41,20.42,25.01,8.76,8423.37
492.00,33805.34,157.76,78.88,31.05,20.18,24.73,8.66,8470.39
493.00,33762.64,155.89,77.95,30.70,19.95,24.44,8.56,8516.88
494.00,33720.49,154.01,77.01,30.34,19.72,24.16,8.45,8562.83
495.00,33678.88,152.13,76.07,29.98,19.49,23.87,8.35,8608.24
496.00,33637.83,150.25,75.12,29.62,19.25,23.58,8.25,8653.11
497.00,33597.32,148.36,74.18,29.26,19.02,23.29,8.15,8697.43
498.00,33557.35,146.47,73.24,28.89,18.78,23.00,8.05,8741.22
499.00,33517.93,144.59,72.29,28.53,18.54,22.71,7.95,8784.46
500.00,33479.05,142.70,71.35,28.17,18.31,22.42,7.85,8827.16
501.00,33440.72,140.81,70.41,27.80,18.07,22.13,7.74,8869.31
502.00,33402.92,138.93,69.47,27.44,17.84,21.84,7.64,8910.92
503.00,33365.66,137.05,68.53,27.08,17.60,21.55,7.54,8951.99
504.00,33328.94,135.18,67.59,26.72,17.37,21.26,7.44,8992.51
505.00,33292.75,133.31,66.65,26.36,17.13,20.97,7.34,9032.49
506.00,33257.09,131.45,65.72,26.00,16.90,20.68,7.24,9071.93
507.00,33221.96,129.59,64.80,25.64,16.66,20.39,7.14,9110.82
508.00,33187.35,127.74,63.87,25.28,16.43,20.11,7.04,9149.18
509.00,33153.26,125.90,62.95,24.92,16.20,19.82,6.94,9187.01
510.00,33119.69,124.07,62.03,24.57,15.97,19.54,6.84,9224.29
511.00,33086.63,122.25,61.12,24.21,15.74,19.26,6.74,9261.05
512.00,33054.09,120.43,60.22,23.86,15.51,18.98,6.64,9297.27
513.00,33022.05,118.63,59.32,23.51,15.28,18.70,6.54,9332.97
514.00,32990.51,116.84,58.42,23.16,15.06,18.42,6.45,9368.14
515.00,32959.48,115.06,57.53,22.82,14.83,18.14,6.35,9402.79
516.00,32928.93,113.30,56.65,22.47,14.61,17.87,6.25,9436.92
517.00,32898.88,111.54,55.77,22.13,14.38,17.59,6.16,9470.53
518.00,32869.32,109.80,54.90,21.79,14.16,17.32,6.06,9503.64
519.00,32840.23,108.08,54.04,21.45,13.94,17.05,5.97,9536.23
520.00,32811.62,106.37,53.18,21.12,13.73,16.79,5.88,9568.32
521.00,32783.49,104.67,52.33,20.79,13.51,16.52,5.78,9599.91
522.00,32755.82,102.99,51.49,20.46,13.30,16.26,5.69,9631.00
523.00,32728.61,101.32,50.66,20.13,13.09,16.00,5.60,9661.59
524.00,32701.86,99.67,49.83,19.81,12.88,15.74,5.51,9691.70
525.00,32675.57,98.03,49.02,19.49,12.67,15.49,5.42,9721.33
526.00,32649.72,96.41,48.21,19.17,12.46,15.23,5.33,9750.47
527.00,32624.31,94.81,47.40,18.86,12.26,14.98,5.24,9779.14
528.00,32599.34,93.22,46.61,18.54,12.05,14.73,5.16,9807.34
529.00,32574.81,91.65,45.83,18.24,11.85,14.49,5.07,9835.07
530.00,32550.70,90.10,45.05,17.93,11.65,14.25,4.99,9862.34
531.00,32527.01,88.56,44.28,17.63,11.46,14.01,4.90,9889.15
532.00,32503.74,87.05,43.52,17.33,11.26,13.77,4.82,9915.51
533.00,32480.88,85.55,42.77,17.03,11.07,13.53,4.74,9941.42
534.00,32458.43,84.06,42.03,16.74,10.88,13.30,4.66,9966.90
535.00,32436.38,82.60,41.30,16.45,10.70,13.07,4.57,9991.93
536.00,32414.72,81.15,40.58,16.17,10.51,12.84,4.50,10016.53
537.00,32393.45,79.72,39.86,15.89,10.33,12.62,4.42,10040.71
538.00,32372.57,78.31,39.16,15.61,10.15,12.40,4.34,10064.47
539.00,32352.07,76.92,38.46,15.33,9.97,12.18,4.26,10087.80
540.00,32331.94,75.55,37.77,15.06,9.79,11.96,4.19,10110.73
541.00,32312.18,74.19,37.10,14.80,9.62,11.75,4.11,10133.25
542.00,32292.79,72.85,36.43,14.53,9.45,11.54,4.04,10155.38
543.00,32273.75,71.53,35.77,14.27,9.28,11.33,3.97,10177.10
544.00,32255.07,70.23,35.12,14.01,9.11,11.13,3.89,10198.44
545.00,32236.73,68.95,34.47,13.76,8.94,10.93,3.82,10219.39
546.00,32218.74,67.69,33.84,13.51,8.78,10.73,3.75,10239.96
547.00,32201.09,66.44,33.22,13.26,8.62,10.53,3.69,10260.15
548.00,32183.76,65.21,32.61,13.02,8.46,10.34,3.62,10279.98
549.00,32166.77,64.00,32.00,12.78,8.31,10.15,3.55,10299.45
550.00,32150.10,62.81,31.40,12.54,8.15,9.96,3.49,10318.55
551.00,32133.74,61.63,30.82,12.31,8.00,9.77,3.42,10337.30
552.00,32117.70,60.48,30.24,12.08,7.85,9.59,3.36,10355.70
553.00,32101.96,59.34,29.67,11.86,7.71,9.41,3.29,10373.77
554.00,32086.53,58.21,29.11,11.63,7.56,9.23,3.23,10391.49
555.00,32071.39,57.11,28.56,11.41,7.42,9.06,3.17,10408.88
556.00,32056.55,56.02,28.01,11.20,7.28,8.89,3.11,10425.94
557.00,32041.99,54.95,27.48,10.99,7.14,8.72,3.05,10442.68
558.00,32027.72,53.90,26.95,10.78,7.01,8.55,2.99,10459.10
559.00,32013.72,52.87,26.43,10.57,6.87,8.39,2.94,10475.21
560.00,32000.00,51.85,25.92,10.37,6.74,8.23,2.88,10491.01
561.00,31986.55,50.85,25.42,10.17,6.61,8.07,2.83,10506.51
562.00,31973.36,49.86,24.93,9.97,6.48,7.92,2.77,10521.71
563.00,31960.43,48.89,24.45,9.78,6.36,7.76,2.72,10536.61
564.00,31947.76,47.94,23.97,9.59,6.23,7.61,2.66,10551.23
565.00,31935.34,47.00,23.50,9.41,6.11,7.46,2.61,10565.57
566.00,31923.16,46.08,23.04,9.22,5.99,7.32,2.56,10579.63
567.00,31911.23,45.17,22.59,9.04,5.88,7.18,2.51,10593.41
568.00,31899.53,44.28,22.14,8.86,5.76,7.03,2.46,10606.92
569.00,31888.07,43.41,21.70,8.69,5.65,6.90,2.41,10620.17
570.00,31876.83,42.55,21.28,8.52,5.54,6.76,2.37,10633.16
571.00,31865.83,41.71,20.85,8.35,5.43,6.63,2.32,10645.89
572.00,31855.04,40.88,20.44,8.19,5.32,6.50,2.27,10658.37
573.00,31844.47,40.06,20.03,8.02,5.22,6.37,2.23,10670.60
574.00,31834.11,39.26,19.63,7.86,5.11,6.24,2.18,10682.60
575.00,31823.97,38.48,19.24,7.71,5.01,6.11,2.14,10694.35
576.00,31814.03,37.70,18.85,7.55,4.91,5.99,2.10,10705.87
577.00,31804.29,36.95,18.47,7.40,4.81,5.87,2.06,10717.15
578.00,31794.75,36.20,18.10,7.25,4.71,5.75,2.01,10728.21
579.00,31785.40,35.47,17.74,7.11,4.62,5.64,1.97,10739.05
580.00,31776.24,34.75,17.38,6.96,4.53,5.53,1.93,10749.68
581.00,31767.27,34.05,17.02,6.82,4.44,5.41,1.89,10760.08
582.00,31758.49,33.36,16.68,6.69,4.35,5.30,1.86,10770.28
583.00,31749.88,32.68,16.34,6.55,4.26,5.20,1.82,10780.27
584.00,31741.45,32.01,16.01,6.42,4.17,5.09,1.78,10790.06
585.00,31733.20,31.36,15.68,6.29,4.09,4.99,1.75,10799.65
586.00,31725.11,30.72,15.36,6.16,4.00,4.89,1.71,10809.05
587.00,31717.20,30.09,15.05,6.03,3.92,4.79,1.68,10818.25
588.00,31709.44,29.47,14.74,5.91,3.84,4.69,1.64,10827.27
589.00,31701.85,28.87,14.43,5.79,3.76,4.59,1.61,10836.10
590.00,31694.41,28.28,14.14,5.67,3.69,4.50,1.57,10844.75
591.00,31687.13,27.69,13.85,5.55,3.61,4.41,1.54,10853.22
592.00,31680.00,27.12,13.56,5.44,3.54,4.31,1.51,10861.52
593.00,31673.01,26.56,13.28,5.33,3.46,4.23,1.48,10869.65
594.00,31666.18,26.01,13.01,5.22,3.39,4.14,1.45,10877.61
595.00,31659.48,25.47,12.74,5.11,3.32,4.05,1.42,10885.41
596.00,31652.93,24.94,12.47,5.00,3.25,3.97,1.39,10893.04
597.00,31646.51,24.43,12.21,4.90,3.19,3.89,1.36,10900.52
598.00,31640.22,23.92,11.96,4.80,3.12,3.81,1.33,10907.84
599.00,31634.07,23.42,11.71,4.70,3.05,3.73,1.30,10915.01
600.00,31628.05,22.93,11.47,4.60,2.99,3.65,1.28,10922.04
601.00,31622.15,22.45,11.23,4.51,2.93,3.57,1.25,10928.91
602.00,31616.38,21.98,10.99,4.41,2.87,3.50,1.22,10935.64
603.00,31610.73,21.52,10.76,4.32,2.81,3.43,1.20,10942.24
604.00,31605.20,21.07,10.54,4.23,2.75,3.35,1.17,10948.69
605.00,31599.78,20.63,10.32,4.14,2.69,3.28,1.15,10955.01
606.00,31594.48,20.20,10.10,4.05,2.64,3.22,1.13,10961.20
607.00,31589.29,19.77,9.89,3.97,2.58,3.15,1.10,10967.25
608.00,31584.21,19.36,9.68,3.89,2.53,3.08,1.08,10973.18
609.00,31579.24,18.95,9.47,3.80,2.47,3.02,1.06,10978.99
610.00,31574.37,18.55,9.27,3.72,2.42,2.95,1.03,10984.67
611.00,31569.61,18.16,9.08,3.65,2.37,2.89,1.01,10990.24
612.00,31564.95,17.77,8.89,3.57,2.32,2.83,0.99,10995.68
613.00,31560.38,17.40,8.70,3.49,2.27,2.77,0.97,11001.02
614.00,31555.92,17.03,8.52,3.42,2.22,2.71,0.95,11006.24
615.00,31551.54,16.67,8.33,3.35,2.18,2.65,0.93,11011.35
616.00,31547.27,16.32,8.16,3.28,2.13,2.60,0.91,11016.35
617.00,31543.08,15.97,7.99,3.21,2.08,2.54,0.89,11021.24
618.00,31538.98,15.63,7.82,3.14,2.04,2.49,0.87,11026.03
619.00,31534.97,15.30,7.65,3.07,2.00,2.44,0.85,11030.72
620.00,31531.04,14.97,7.49,3.01,1.95,2.38,0.83,11035.31
621.00,31527.20,14.65,7.33,2.94,1.91,2.33,0.82,11039.81
622.00,31523.44,14.34,7.17,2.88,1.87,2.28,0.80,11044.21
623.00,31519.76,14.04,7.02,2.82,1.83,2.24,0.78,11048.51
624.00,31516.16,13.74,6.87,2.76,1.79,2.19,0.77,11052.72
625.00,31512.64,13.44,6.72,2.70,1.76,2.14,0.75,11056.84
626.00,31509.19,13.16,6.58,2.64,1.72,2.10,0.73,11060.88
627.00,31505.82,12.88,6.44,2.59,1.68,2.05,0.72,11064.83
628.00,31502.52,12.60,6.30,2.53,1.65,2.01,0.70,11068.69
629.00,31499.29,12.33,6.17,2.48,1.61,1.96,0.69,11072.47
630.00,31496.13,12.07,6.03,2.42,1.58,1.92,0.67,11076.18
631.00,31493.04,11.81,5.90,2.37,1.54,1.88,0.66,11079.80
632.00,31490.01,11.55,5.78,2.32,1.51,1.84,0.64,11083.34
633.00,31487.05,11.31,5.65,2.27,1.48,1.80,0.63,11086.81
634.00,31484.15,11.06,5.53,2.22,1.45,1.76,0.62,11090.20
635.00,31481.32,10.83,5.41,2.18,1.41,1.72,0.60,11093.53
636.00,31478.54,10.59,5.30,2.13,1.38,1.69,0.59,11096.78
637.00,31475.83,10.37,5.18,2.08,1.35,1.65,0.58,11099.96
638.00,31473.17,10.14,5.07,2.04,1.32,1.62,0.57,11103.07
639.00,31470.57,9.92,4.96,1.99,1.30,1.58,0.55,11106.11
640.00,31468.03,9.71,4.86,1.95,1.27,1.55,0.54,11109.09
641.00,31465.54,9.50,4.75,1.91,1.24,1.51,0.53,11112.01
642.00,31463.11,9.30,4.65,1.87,1.21,1.48,0.52,11114.86
643.00,31460.73,9.10,4.55,1.83,1.19,1.45,0.51,11117.65
644.00,31458.40,8.90,4.45,1.79,1.16,1.42,0.50,11120.38
645.00,31456.12,8.71,4.35,1.75,1.14,1.39,0.49,11123.06
646.00,31453.89,8.52,4.26,1.71,1.11,1.36,0.48,11125.67
647.00,31451.71,8.34,4.17,1.68,1.09,1.33,0.46,11128.23
648.00,31449.58,8.16,4.08,1.64,1.07,1.30,0.45,11130.73
649.00,31447.49,7.98,3.99,1.60,1.04,1.27,0.45,11133.18
650.00,31445.44,7.81,3.90,1.57,1.02,1.24,0.44,11135.58
651.00,31443.45,7.64,3.82,1.54,1.00,1.22,0.43,11137.92
652.00,31441.49,7.47,3.74,1.50,0.98,1.19,0.42,11140.21
653.00,31439.58,7.31,3.66,1.47,0.96,1.17,0.41,11142.46
654.00,31437.71,7.15,3.58,1.44,0.93,1.14,0.40,11144.65
655.00,31435.88,7.00,3.50,1.41,0.91,1.12,0.39,11146.80
656.00,31434.09,6.85,3.42,1.38,0.89,1.09,0.38,11148.90
657.00,31432.33,6.70,3.35,1.35,0.88,1.07,0.37,11150.96
658.00,31430.62,6.55,3.28,1.32,0.86,1.04,0.37,11152.97
659.00,31428.94,6.41,3.20,1.29,0.84,1.02,0.36,11154.94
660.00,31427.30,6.27,3.14,1.26,0.82,1.00,0.35,11156.86
661.00,31425.70,6.13,3.07,1.23,0.80,0.98,0.34,11158.75
662.00,31424.13,6.00,3.00,1.21,0.78,0.96,0.33,11160.59
663.00,31422.59,5.87,2.94,1.18,0.77,0.94,0.33,11162.39
664.00,31421.09,5.74,2.87,1.15,0.75,0.92,0.32,11164.15
665.00,31419.62,5.62,2.81,1.13,0.73,0.90,0.31,11165.88
666.00,31418.19,5.50,2.75,1.10,0.72,0.88,0.31,11167.56
667.00,31416.78,5.38,2.69,1.08,0.70,0.86,0.30,11169.22
668.00,31415.40,5.26,2.63,1.06,0.69,0.84,0.29,11170.83
669.00,31414.06,5.14,2.57,1.03,0.67,0.82,0.29,11172.41
670.00,31412.74,5.03,2.52,1.01,0.66,0.80,0.28,11173.96
671.00,31411.46,4.92,2.46,0.99,0.64,0.78,0.27,11175.47
672.00,31410.20,4.82,2.41,0.97,0.63,0.77,0.27,11176.95
673.00,31408.97,4.71,2.36,0.95,0.62,0.75,0.26,11178.39
674.00,31407.76,4.61,2.30,0.93,0.60,0.73,0.26,11179.81
675.00,31406.58,4.51,2.25,0.91,0.59,0.72,0.25,11181.19
676.00,31405.43,4.41,2.20,0.89,0.58,0.70,0.25,11182.55
677.00,31404.30,4.31,2.16,0.87,0.56,0.69,0.24,11183.87
678.00,31403.20,4.22,2.11,0.85,0.55,0.67,0.24,11185.17
679.00,31402.12,4.13,2.06,0.83,0.54,0.66,0.23,11186.43
680.00,31401.06,4.04,2.02,0.81,0.53,0.64,0.23,11187.67
681.00,31400.03,3.95,1.97,0.79,0.52,0.63,0.22,11188.89
682.00,31399.02,3.86,1.93,0.78,0.50,0.62,0.22,11190.07
683.00,31398.03,3.78,1.89,0.76,0.49,0.60,0.21,11191.23
684.00,31397.07,3.70,1.85,0.74,0.48,0.59,0.21,11192.37
685.00,31396.12,3.62,1.81,0.73,0.47,0.58,0.20,11193.48
686.00,31395.20,3.54,1.77,0.71,0.46,0.56,0.20,11194.56
687.00,31394.29,3.46,1.73,0.70,0.45,0.55,0.19,11195.63
688.00,31393.41,3.38,1.69,0.68,0.44,0.54,0.19,11196.66
689.00,31392.54,3.31,1.65,0.67,0.43,0.53,0.18,11197.68
690.00,31391.70,3.24,1.62,0.65,0.42,0.52,0.18,11198.68
691.00,31390.87,3.17,1.58,0.64,0.41,0.50,0.18,11199.65
692.00,31390.06,3.10,1.55,0.62,0.40,0.49,0.17,11200.60
693.00,31389.27,3.03,1.51,0.61,0.40,0.48,0.17,11201.53
694.00,31388.50,2.96,1.48,0.60,0.39,0.47,0.17,11202.44
695.00,31387.74,2.90,1.45,0.58,0.38,0.46,0.16,11203.33
696.00,31387.00,2.83,1.42,0.57,0.37,0.45,0.16,11204.20
697.00,31386.27,2.77,1.39,0.56,0.36,0.44,0.15,11205.05
698.00,31385.56,2.71,1.36,0.55,0.35,0.43,0.15,11205.88
699.00,31384.87,2.65,1.33,0.53,0.35,0.42,0.15,11206.70
700.00,31384.19,2.59,1.30,0.52,0.34,0.41,0.14,11207.50
